2.0
2.0
3.3333333333333335
2.75
3.2
3.6666666666666665
3.857142857142857
3.375
3.6666666666666665
3.9
4.0
4.166666666666667
4.230769230769231
3.9285714285714284
4.066666666666666
4.125
3.8823529411764706
4.0
4.0
3.9
4.0
4.090909090909091
4.086956521739131
4.166666666666667
4.24
4.230769230769231
4.296296296296297
4.285714285714286
4.206896551724138
4.266666666666667
4.333333333333333
4.333333333333333
4.333333333333333
4.5
4.5
4.5
4.5
4.5
4.5
4.5
4.5
4.5
4.533333333333333
4.7
4.7
4.733333333333333
4.9
4.9
4.966666666666667
5.066666666666666
5.066666666666666
4.966666666666667
4.9
4.9
4.9
4.866666666666666
4.866666666666666
4.833333333333333
4.866666666666666
4.866666666666666
4.9
4.833333333333333
4.833333333333333
4.8
4.633333333333334
4.633333333333334
4.6
4.666666666666667
4.666666666666667
4.633333333333334
4.466666666666667
4.466666666666667
4.433333333333334
4.266666666666667
4.266666666666667
4.266666666666667
4.266666666666667
4.266666666666667
4.233333333333333
4.066666666666666
4.066666666666666
4.166666666666667
4.266666666666667
4.266666666666667
4.266666666666667
4.3
4.3
4.366666666666666
4.266666666666667
4.266666666666667
4.3
4.466666666666667
4.466666666666667
4.466666666666667
4.466666666666667
4.466666666666667
4.5
4.433333333333334
4.433333333333334
4.366666666666666
4.466666666666667
4.466666666666667
4.4
4.5
4.5
4.433333333333334
4.266666666666667
4.266666666666667
4.2
4.3
4.3
4.3
4.3
4.3
4.2
4.133333333333334
4.133333333333334
4.066666666666666
4.133333333333334
4.133333333333334
4.133333333333334
4.133333333333334
4.133333333333334
4.1
4.166666666666667
4.166666666666667
4.1
4.166666666666667
4.166666666666667
4.266666666666667
4.366666666666666
4.366666666666666
4.366666666666666
4.366666666666666
4.366666666666666
4.433333333333334
4.6
4.6
4.666666666666667
4.566666666666666
4.533333333333333
4.333333333333333
4.366666666666666
4.366666666666666
4.466666666666667
4.533333333333333
4.466666666666667
4.433333333333334
4.6
4.6
4.466666666666667
4.366666666666666
4.366666666666666
4.4
4.333333333333333
4.333333333333333
4.433333333333334
4.533333333333333
4.533333333333333
4.466666666666667
4.3
4.3
4.4
4.466666666666667
4.466666666666667
4.4
4.3
4.3
4.333333333333333
4.5
4.533333333333333
4.733333333333333
4.7
4.7
4.666666666666667
4.533333333333333
4.6
4.733333333333333
4.666666666666667
4.666666666666667
4.8
4.866666666666666
4.866666666666666
4.8
4.866666666666666
4.866666666666666
4.866666666666666
4.866666666666666
4.866666666666666
4.9
4.866666666666666
4.866666666666666
4.866666666666666
4.866666666666666
4.866666666666666
4.833333333333333
4.833333333333333
4.833333333333333
4.833333333333333
4.8
4.8
4.7
4.6
4.6
4.633333333333334
4.8
4.8
4.8
4.8
4.766666666666667
4.8
4.8
4.766666666666667
4.7
4.833333333333333
4.833333333333333
4.833333333333333
4.833333333333333
4.833333333333333
4.833333333333333
4.833333333333333
4.833333333333333
4.833333333333333
4.833333333333333
4.833333333333333
4.833333333333333
4.866666666666666
4.866666666666666
4.766666666666667
4.7
4.7
4.8
4.866666666666666
4.866666666666666
4.866666666666666
4.833333333333333
4.833333333333333
4.766666666666667
4.666666666666667
4.7
4.666666666666667
4.666666666666667
4.7
4.833333333333333
4.633333333333334
4.633333333333334
4.633333333333334
4.6
4.6
4.533333333333333
4.633333333333334
4.633333333333334
4.633333333333334
4.633333333333334
4.633333333333334
4.7
4.6
4.6
4.666666666666667
4.6
4.6
4.5
4.433333333333334
4.433333333333334
4.433333333333334
4.466666666666667
4.466666666666667
4.4
4.4
4.4
4.366666666666666
4.233333333333333
4.233333333333333
4.266666666666667
4.433333333333334
4.433333333333334
4.366666666666666
4.3
4.3
4.4
4.433333333333334
4.433333333333334
4.366666666666666
4.266666666666667
4.266666666666667
4.2
4.266666666666667
4.266666666666667
4.3
4.466666666666667
4.466666666666667
4.566666666666666
4.666666666666667
4.666666666666667
4.566666666666666
4.466666666666667
4.466666666666667
4.566666666666666
4.5
4.5
4.433333333333334
4.5
4.5
4.4
4.3
4.3
4.366666666666666
4.433333333333334
4.433333333333334
4.333333333333333
4.266666666666667
4.266666666666667
4.266666666666667
4.266666666666667
4.266666666666667
4.333333333333333
4.266666666666667
4.266666666666667
4.233333333333333
4.066666666666666
4.066666666666666
3.966666666666667
3.8666666666666667
3.8666666666666667
3.9
3.9
3.9
3.8333333333333335
3.9
3.9
3.966666666666667
3.9
3.9
3.966666666666667
4.033333333333333
3.933333333333333
3.8
3.7
3.566666666666667
3.533333333333333
3.533333333333333
3.533333333333333
3.5
3.5
3.5
3.4
3.466666666666667
3.3666666666666667
3.3
3.5
3.433333333333333
3.6
3.6333333333333333
3.6333333333333333
3.7333333333333334
3.7
3.5
3.566666666666667
3.6333333333333333
3.533333333333333
3.466666666666667
3.533333333333333
3.6666666666666665
3.566666666666667
3.433333333333333
3.466666666666667
3.566666666666667
3.566666666666667
3.7
4.0
4.066666666666666
4.066666666666666
4.2
4.2
4.133333333333334
4.166666666666667
4.1
4.033333333333333
3.966666666666667
3.933333333333333
4.066666666666666
4.033333333333333
4.066666666666666
4.166666666666667
4.133333333333334
4.133333333333334
4.4
4.466666666666667
4.366666666666666
4.466666666666667
4.633333333333334
4.566666666666666
4.433333333333334
4.666666666666667
4.666666666666667
4.8
4.933333333333334
5.1
5.133333333333334
4.933333333333334
4.8
4.866666666666666
4.8
5.0
5.133333333333334
5.2
5.366666666666666
5.8
6.0
5.866666666666666
5.866666666666666
5.833333333333333
5.7
5.533333333333333
5.4
5.466666666666667
5.4
5.2
5.233333333333333
5.033333333333333
4.966666666666667
5.266666666666667
5.266666666666667
5.033333333333333
5.366666666666666
5.3
5.133333333333334
4.933333333333334
4.7
4.733333333333333
5.0
4.966666666666667
4.833333333333333
4.766666666666667
4.733333333333333
4.7
4.533333333333333
4.266666666666667
4.1
4.1
4.1
4.1
4.233333333333333
4.1
4.2
4.166666666666667
4.133333333333334
4.3
4.266666666666667
4.4
4.233333333333333
3.933333333333333
3.8666666666666667
4.033333333333333
3.8666666666666667
3.933333333333333
4.033333333333333
4.2
4.4
4.266666666666667
4.133333333333334
4.1
4.066666666666666
3.9
3.7
3.566666666666667
3.6333333333333333
3.6333333333333333
3.7666666666666666
4.0
3.933333333333333
3.9
3.966666666666667
4.2
4.366666666666666
4.366666666666666
4.4
4.266666666666667
4.566666666666666
4.633333333333334
4.7
4.7
4.666666666666667
4.433333333333334
4.566666666666666
4.333333333333333
4.466666666666667
4.333333333333333
4.133333333333334
4.5
4.433333333333334
4.433333333333334
4.5
4.6
4.833333333333333
5.066666666666666
5.033333333333333
5.1
5.133333333333334
4.966666666666667
4.966666666666667
4.833333333333333
4.766666666666667
4.633333333333334
4.4
4.6
4.633333333333334
4.666666666666667
4.5
4.5
4.6
4.666666666666667
4.833333333333333
5.033333333333333
4.766666666666667
4.933333333333334
4.666666666666667
4.666666666666667
4.833333333333333
4.4
4.4
4.4
4.566666666666666
4.633333333333334
4.533333333333333
4.4
4.533333333333333
4.466666666666667
4.466666666666667
4.466666666666667
4.666666666666667
4.9
4.8
5.0
5.1
5.1
5.066666666666666
5.0
4.933333333333334
4.866666666666666
4.8
5.0
4.933333333333334
4.933333333333334
5.0
4.933333333333334
4.833333333333333
4.9
4.9
5.1
5.233333333333333
5.1
5.066666666666666
5.0
4.933333333333334
5.0
4.966666666666667
5.0
5.1
5.2
5.066666666666666
4.833333333333333
4.8
4.766666666666667
4.733333333333333
4.633333333333334
4.7
4.9
4.933333333333334
5.0
5.133333333333334
5.133333333333334
5.2
5.3
5.333333333333333
5.333333333333333
5.6
5.7
5.733333333333333
5.8
5.6
5.766666666666667
5.833333333333333
5.9
6.0
6.033333333333333
6.066666666666666
6.033333333333333
5.933333333333334
5.9
5.8
6.133333333333334
6.233333333333333
6.166666666666667
6.166666666666667
6.0
5.933333333333334
5.866666666666666
5.766666666666667
5.833333333333333
5.766666666666667
6.066666666666666
6.0
5.933333333333334
5.833333333333333
5.9
5.833333333333333
5.633333333333334
5.966666666666667
5.733333333333333
5.733333333333333
5.7
5.666666666666667
5.466666666666667
5.333333333333333
5.266666666666667
5.3
5.3
5.3
5.133333333333334
5.033333333333333
4.7
4.666666666666667
4.666666666666667
4.566666666666666
4.633333333333334
4.466666666666667
4.366666666666666
4.333333333333333
4.166666666666667
4.0
3.6333333333333333
3.533333333333333
3.3
3.3
3.4
3.3333333333333335
3.3666666666666667
3.066666666666667
3.3
3.533333333333333
3.6
3.6333333333333333
3.7
3.7333333333333334
3.7
3.8
3.8
3.6333333333333333
3.8333333333333335
3.966666666666667
4.2
4.233333333333333
4.233333333333333
4.6
4.566666666666666
4.733333333333333
4.933333333333334
5.4
5.566666666666666
5.733333333333333
5.766666666666667
5.866666666666666
6.0
6.033333333333333
5.8
5.733333333333333
5.733333333333333
5.7
5.7
5.533333333333333
5.3
5.1
5.133333333333334
5.166666666666667
5.433333333333334
5.166666666666667
5.066666666666666
5.3
5.533333333333333
5.5
5.433333333333334
5.466666666666667
5.466666666666667
5.166666666666667
5.333333333333333
5.333333333333333
5.166666666666667
4.966666666666667
4.833333333333333
4.866666666666666
4.833333333333333
4.833333333333333
4.966666666666667
4.966666666666667
5.066666666666666
5.4
5.633333333333334
5.566666666666666
5.6
5.7
5.766666666666667
5.733333333333333
5.8
5.933333333333334
5.8
5.866666666666666
5.9
5.666666666666667
5.5
5.466666666666667
5.466666666666667
5.466666666666667
5.533333333333333
5.8
5.7
5.666666666666667
5.833333333333333
5.8
5.866666666666666
5.7
5.8
5.7
5.5
5.733333333333333
5.766666666666667
5.8
5.8
5.9
5.6
5.633333333333334
5.6
5.733333333333333
5.766666666666667
5.6
5.766666666666667
5.866666666666666
6.0
6.133333333333334
5.866666666666666
5.833333333333333
6.133333333333334
6.266666666666667
6.166666666666667
6.0
6.1
6.0
5.733333333333333
5.7
5.733333333333333
5.666666666666667
5.633333333333334
5.833333333333333
6.2
6.1
6.033333333333333
5.666666666666667
5.833333333333333
5.7
6.033333333333333
5.966666666666667
5.966666666666667
6.0
6.0
5.933333333333334
5.766666666666667
5.766666666666667
5.666666666666667
5.633333333333334
5.766666666666667
5.966666666666667
5.5
5.366666666666666
5.266666666666667
5.166666666666667
4.966666666666667
5.266666666666667
5.266666666666667
5.133333333333334
4.9
5.133333333333334
4.966666666666667
5.033333333333333
4.666666666666667
4.633333333333334
4.833333333333333
4.833333333333333
4.6
4.633333333333334
4.366666666666666
4.433333333333334
4.466666666666667
4.3
4.1
4.1
3.933333333333333
3.8
3.6333333333333333
3.533333333333333
3.6
3.466666666666667
3.533333333333333
3.6
3.7
3.7666666666666666
3.966666666666667
3.7666666666666666
3.9
4.1
4.266666666666667
4.066666666666666
4.166666666666667
3.8
3.7333333333333334
3.7
3.433333333333333
3.466666666666667
3.433333333333333
3.4
3.4
3.4
3.433333333333333
3.5
3.7
3.8666666666666667
3.8666666666666667
3.966666666666667
3.966666666666667
3.966666666666667
3.8333333333333335
3.8
3.966666666666667
3.966666666666667
4.0
3.8666666666666667
3.8666666666666667
3.7
3.7
3.433333333333333
3.3
3.433333333333333
3.3
3.3666666666666667
3.466666666666667
3.533333333333333
3.5
3.5
3.5
3.433333333333333
3.4
3.3
3.2666666666666666
3.3
3.1333333333333333
2.933333333333333
2.933333333333333
2.8666666666666667
2.9
2.8666666666666667
2.933333333333333
2.8
2.8
2.8333333333333335
2.7333333333333334
2.7333333333333334
2.533333333333333
2.8666666666666667
2.9
3.1666666666666665
3.3666666666666667
3.2
3.3333333333333335
3.466666666666667
3.566666666666667
3.5
3.6
3.7333333333333334
3.8333333333333335
4.033333333333333
4.133333333333334
4.3
4.433333333333334
4.633333333333334
4.8
4.9
4.9
4.9
4.933333333333334
5.166666666666667
5.233333333333333
5.566666666666666
5.3
5.2
5.333333333333333
5.3
5.466666666666667
5.2
5.3
5.166666666666667
5.2
5.366666666666666
5.3
5.166666666666667
5.2
5.266666666666667
5.366666666666666
5.133333333333334
5.066666666666666
4.966666666666667
5.0
4.833333333333333
4.766666666666667
4.6
4.6
4.5
4.5
4.5
4.633333333333334
4.5
4.5
4.366666666666666
4.366666666666666
4.433333333333334
4.3
4.333333333333333
4.366666666666666
4.5
4.233333333333333
4.233333333333333
4.0
3.933333333333333
3.8
3.7333333333333334
3.933333333333333
3.8
3.8
3.933333333333333
3.933333333333333
4.0
3.933333333333333
4.033333333333333
4.066666666666666
4.066666666666666
4.066666666666666
4.2
4.2
4.3
4.266666666666667
4.133333333333334
4.133333333333334
4.066666666666666
4.133333333333334
4.133333333333334
4.166666666666667
4.166666666666667
4.1
4.066666666666666
4.133333333333334
4.2
4.3
4.266666666666667
4.466666666666667
4.466666666666667
4.033333333333333
4.033333333333333
4.0
3.966666666666667
3.9
3.8333333333333335
4.233333333333333
4.266666666666667
4.133333333333334
4.033333333333333
3.8666666666666667
3.8
3.7333333333333334
3.7333333333333334
3.9
3.966666666666667
3.966666666666667
3.933333333333333
3.9
3.8666666666666667
4.166666666666667
4.133333333333334
4.2
4.133333333333334
4.166666666666667
4.066666666666666
4.233333333333333
4.2
4.2
4.233333333333333
4.366666666666666
4.5
4.433333333333334
4.566666666666666
4.566666666666666
4.533333333333333
4.2
4.166666666666667
4.3
4.4
4.566666666666666
4.666666666666667
4.666666666666667
4.666666666666667
4.666666666666667
4.9
4.833333333333333
4.833333333333333
4.933333333333334
4.966666666666667
4.7
4.7
4.7
4.733333333333333
4.7
4.8
4.7
4.833333333333333
4.833333333333333
4.933333333333334
4.833333333333333
5.0
4.866666666666666
4.733333333333333
4.8
4.9
4.866666666666666
5.033333333333333
4.866666666666666
4.833333333333333
4.733333333333333
4.633333333333334
4.666666666666667
4.666666666666667
4.5
4.233333333333333
4.3
4.4
4.333333333333333
4.333333333333333
4.333333333333333
4.3
4.266666666666667
4.433333333333334
4.366666666666666
4.3
4.1
4.0
4.066666666666666
3.966666666666667
3.966666666666667
3.9
3.966666666666667
3.933333333333333
3.7666666666666666
3.8666666666666667
3.933333333333333
3.8333333333333335
3.966666666666667
3.9
4.0
4.166666666666667
4.233333333333333
4.233333333333333
4.3
4.333333333333333
4.333333333333333
4.433333333333334
4.366666666666666
4.366666666666666
4.366666666666666
4.366666666666666
4.4
4.2
4.233333333333333
4.133333333333334
4.166666666666667
4.333333333333333
4.266666666666667
4.233333333333333
4.266666666666667
4.166666666666667
4.233333333333333
4.2
4.233333333333333
4.0
3.8333333333333335
3.7666666666666666
3.6
3.6333333333333333
3.8666666666666667
3.8333333333333335
3.7666666666666666
3.6333333333333333
3.6
3.7
3.9
3.6666666666666665
3.7
3.8
3.7666666666666666
3.966666666666667
4.066666666666666
4.0
4.0
4.266666666666667
4.6
4.4
4.3
4.566666666666666
4.733333333333333
4.733333333333333
4.966666666666667
4.933333333333334
5.133333333333334
5.4
5.366666666666666
5.433333333333334
5.666666666666667
5.733333333333333
5.533333333333333
5.7
5.766666666666667
6.0
5.966666666666667
6.033333333333333
5.7
5.966666666666667
6.133333333333334
6.1
6.133333333333334
6.0
5.966666666666667
6.166666666666667
6.133333333333334
5.966666666666667
5.8
6.033333333333333
6.066666666666666
5.866666666666666
5.833333333333333
5.766666666666667
5.433333333333334
5.733333333333333
5.733333333333333
5.633333333333334
5.633333333333334
5.633333333333334
5.633333333333334
5.466666666666667
5.5
5.333333333333333
5.7
5.6
5.6
5.566666666666666
5.766666666666667
5.633333333333334
5.633333333333334
5.566666666666666
5.566666666666666
5.633333333333334
5.6
5.6
5.7
5.833333333333333
5.833333333333333
5.566666666666666
5.633333333333334
5.7
5.5
5.5
5.566666666666666
5.433333333333334
5.3
5.133333333333334
5.466666666666667
5.3
5.333333333333333
5.333333333333333
5.333333333333333
5.3
4.9
4.766666666666667
4.7
4.766666666666667
4.8
4.8
4.666666666666667
4.733333333333333
4.733333333333333
4.766666666666667
4.666666666666667
4.633333333333334
4.733333333333333
4.666666666666667
4.5
4.533333333333333
4.366666666666666
4.466666666666667
4.766666666666667
4.833333333333333
4.933333333333334
4.933333333333334
5.0
5.133333333333334
4.933333333333334
5.033333333333333
5.2
5.266666666666667
5.533333333333333
5.5
5.533333333333333
5.733333333333333
5.8
5.533333333333333
5.433333333333334
5.366666666666666
5.333333333333333
5.266666666666667
5.1
5.0
5.033333333333333
4.833333333333333
4.8
4.8
4.966666666666667
5.1
5.266666666666667
5.133333333333334
4.933333333333334
4.933333333333334
4.9
4.733333333333333
4.666666666666667
4.566666666666666
4.433333333333334
4.3
4.066666666666666
4.0
3.6333333333333333
3.7333333333333334
3.7666666666666666
3.566666666666667
3.433333333333333
3.533333333333333
3.533333333333333
3.433333333333333
3.466666666666667
3.4
3.433333333333333
3.3666666666666667
3.3666666666666667
3.466666666666667
3.3
3.1333333333333333
2.933333333333333
2.8
2.6666666666666665
2.7666666666666666
2.7333333333333334
2.6
2.566666666666667
2.6666666666666665
2.9
3.033333333333333
3.033333333333333
3.033333333333333
3.033333333333333
3.2333333333333334
3.5
3.533333333333333
3.566666666666667
3.7
3.9
3.966666666666667
3.966666666666667
4.233333333333333
4.166666666666667
4.3
4.6
4.6
4.666666666666667
4.9
4.966666666666667
5.133333333333334
5.233333333333333
5.4
5.533333333333333
5.433333333333334
5.4
5.466666666666667
5.333333333333333
5.3
5.033333333333333
4.966666666666667
5.033333333333333
5.0
4.833333333333333
4.633333333333334
4.3
4.1
3.966666666666667
3.8333333333333335
3.6
3.566666666666667
3.566666666666667
3.3666666666666667
3.5
3.3666666666666667
3.2666666666666666
3.3
3.2333333333333334
3.033333333333333
3.033333333333333
3.1
3.1
3.1
3.033333333333333
2.966666666666667
2.966666666666667
2.9
3.1
3.1
3.1333333333333333
3.066666666666667
3.1666666666666665
3.2666666666666666
3.3
3.466666666666667
3.6
3.9
4.033333333333333
4.166666666666667
4.366666666666666
4.7
4.666666666666667
4.766666666666667
4.666666666666667
4.733333333333333
4.6
4.6
4.633333333333334
4.7
4.733333333333333
4.666666666666667
4.866666666666666
4.7
4.733333333333333
4.866666666666666
4.9
5.033333333333333
4.9
5.033333333333333
5.1
5.266666666666667
5.3
5.366666666666666
5.533333333333333
5.4
5.366666666666666
5.266666666666667
5.166666666666667
5.166666666666667
5.166666666666667
4.866666666666666
4.9
4.866666666666666
4.833333333333333
4.833333333333333
4.966666666666667
5.033333333333333
5.033333333333333
5.166666666666667
5.066666666666666
5.066666666666666
4.966666666666667
5.066666666666666
5.1
5.133333333333334
5.233333333333333
5.233333333333333
5.3
5.166666666666667
5.166666666666667
5.1
5.033333333333333
5.033333333333333
5.0
5.066666666666666
5.066666666666666
5.0
5.033333333333333
5.033333333333333
4.966666666666667
4.833333333333333
4.8
4.866666666666666
4.966666666666667
4.9
4.666666666666667
4.633333333333334
4.5
4.333333333333333
4.333333333333333
4.2
4.133333333333334
4.2
4.0
3.966666666666667
4.033333333333333
3.933333333333333
3.8333333333333335
3.8666666666666667
3.8666666666666667
3.8
3.7333333333333334
3.7333333333333334
3.6333333333333333
3.7333333333333334
3.7333333333333334
3.6666666666666665
3.6333333333333333
3.7666666666666666
3.7
3.8666666666666667
3.9
3.8
3.7333333333333334
3.7
3.8333333333333335
3.9
3.8666666666666667
3.8
4.066666666666666
4.166666666666667
4.1
4.0
4.166666666666667
4.033333333333333
3.933333333333333
3.933333333333333
3.933333333333333
3.8666666666666667
3.8
3.7333333333333334
3.6666666666666665
3.6
3.9
3.933333333333333
3.933333333333333
3.966666666666667
3.966666666666667
4.033333333333333
4.166666666666667
4.033333333333333
4.033333333333333
4.4
4.533333333333333
4.566666666666666
4.5
4.6
4.833333333333333
4.9
4.8
4.833333333333333
4.8
4.8
4.9
4.933333333333334
4.966666666666667
5.033333333333333
5.066666666666666
5.233333333333333
5.533333333333333
5.533333333333333
5.533333333333333
5.533333333333333
5.2
5.2
5.266666666666667
5.166666666666667
5.5
5.233333333333333
5.2
5.533333333333333
5.6
5.333333333333333
5.2
5.3
5.6
5.4
5.233333333333333
5.066666666666666
5.0
4.9
4.9
5.166666666666667
5.066666666666666
5.1
5.133333333333334
5.166666666666667
5.533333333333333
5.4
5.066666666666666
5.066666666666666
5.3
5.3
5.266666666666667
5.133333333333334
4.933333333333334
5.0
4.766666666666667
4.866666666666666
4.866666666666666
4.6
4.566666666666666
4.5
4.666666666666667
4.666666666666667
4.6
4.666666666666667
4.7
4.766666666666667
4.766666666666667
4.766666666666667
4.966666666666667
4.666666666666667
4.566666666666666
4.666666666666667
4.666666666666667
4.666666666666667
4.533333333333333
4.566666666666666
4.5
4.8
4.666666666666667
4.633333333333334
4.633333333333334
4.666666666666667
4.766666666666667
4.633333333333334
4.466666666666667
4.233333333333333
4.166666666666667
4.2
4.033333333333333
4.1
4.133333333333334
3.966666666666667
3.8333333333333335
4.2
4.266666666666667
4.266666666666667
4.233333333333333
4.333333333333333
4.133333333333334
4.233333333333333
4.366666666666666
4.2
4.1
4.166666666666667
4.066666666666666
3.966666666666667
4.4
4.233333333333333
4.166666666666667
4.266666666666667
4.366666666666666
4.3
4.333333333333333
4.533333333333333
4.533333333333333
4.733333333333333
4.933333333333334
4.8
5.3
5.1
4.966666666666667
4.933333333333334
4.833333333333333
4.533333333333333
4.866666666666666
5.033333333333333
5.1
5.1
5.233333333333333
5.066666666666666
5.066666666666666
5.333333333333333
5.3
5.133333333333334
5.1
5.3
5.033333333333333
4.966666666666667
5.0
5.0
5.033333333333333
5.0
5.0
4.933333333333334
5.2
5.266666666666667
5.133333333333334
5.3
4.933333333333334
5.166666666666667
5.4
5.566666666666666
5.6
5.633333333333334
5.3
5.233333333333333
5.2
5.466666666666667
5.466666666666667
5.5
5.5
5.4
5.5
5.6
5.666666666666667
5.6
5.633333333333334
5.7
5.766666666666667
5.866666666666666
5.833333333333333
5.9
5.9
5.933333333333334
6.066666666666666
6.0
6.0
6.133333333333334
6.3
6.133333333333334
5.866666666666666
5.866666666666666
6.0
5.833333333333333
5.833333333333333
5.666666666666667
5.666666666666667
5.4
5.266666666666667
5.333333333333333
5.366666666666666
5.466666666666667
5.366666666666666
5.566666666666666
5.366666666666666
5.233333333333333
5.2
5.066666666666666
5.066666666666666
4.9
4.9
4.8
4.766666666666667
4.966666666666667
4.7
4.666666666666667
4.533333333333333
4.4
4.466666666666667
4.6
4.566666666666666
4.433333333333334
4.233333333333333
4.3
4.233333333333333
4.3
4.466666666666667
4.4
4.366666666666666
4.333333333333333
4.333333333333333
4.033333333333333
4.2
4.0
4.166666666666667
4.266666666666667
4.1
4.1
4.066666666666666
4.3
4.2
4.4
4.4
4.066666666666666
4.133333333333334
4.133333333333334
4.133333333333334
4.266666666666667
3.9
3.8666666666666667
3.933333333333333
4.5
4.5
4.7
4.766666666666667
4.933333333333334
4.833333333333333
5.066666666666666
5.233333333333333
5.266666666666667
5.233333333333333
5.233333333333333
5.0
5.0
5.0
5.033333333333333
5.2
5.3
5.233333333333333
5.0
5.033333333333333
4.966666666666667
4.966666666666667
4.966666666666667
4.9
4.966666666666667
5.033333333333333
4.8
4.8
4.666666666666667
4.933333333333334
4.466666666666667
4.433333333333334
4.466666666666667
4.466666666666667
4.533333333333333
4.433333333333334
4.266666666666667
4.366666666666666
4.6
4.566666666666666
4.766666666666667
4.766666666666667
4.766666666666667
4.7
4.633333333333334
4.533333333333333
4.466666666666667
4.633333333333334
4.6
4.633333333333334
4.666666666666667
4.7
4.866666666666666
4.866666666666666
5.066666666666666
5.133333333333334
5.1
5.166666666666667
5.2
4.9
5.266666666666667
5.6
5.333333333333333
5.166666666666667
5.0
4.966666666666667
4.833333333333333
4.666666666666667
4.366666666666666
4.3
4.133333333333334
4.166666666666667
4.166666666666667
4.133333333333334
4.133333333333334
4.233333333333333
4.2
4.166666666666667
4.266666666666667
4.433333333333334
4.3
4.233333333333333
4.1
4.0
3.6666666666666665
3.566666666666667
3.5
3.5
3.433333333333333
3.466666666666667
3.3333333333333335
3.066666666666667
3.0
3.066666666666667
3.033333333333333
3.3333333333333335
3.5
3.566666666666667
3.6
3.6666666666666665
4.0
3.966666666666667
3.9
3.8666666666666667
3.8333333333333335
3.8333333333333335
3.933333333333333
3.9
3.8333333333333335
3.6
3.7333333333333334
3.8333333333333335
3.7666666666666666
4.0
4.133333333333334
4.1
4.5
4.833333333333333
4.866666666666666
4.8
4.533333333333333
4.466666666666667
4.466666666666667
4.6
4.766666666666667
4.666666666666667
4.633333333333334
4.733333333333333
4.766666666666667
4.866666666666666
4.733333333333333
4.733333333333333
4.933333333333334
5.0
5.366666666666666
5.366666666666666
5.333333333333333
5.266666666666667
5.333333333333333
5.333333333333333
5.166666666666667
5.133333333333334
5.233333333333333
5.0
4.966666666666667
4.966666666666667
4.7
4.433333333333334
4.4
4.8
4.833333333333333
4.833333333333333
4.966666666666667
4.766666666666667
4.566666666666666
4.5
4.4
4.266666666666667
4.166666666666667
4.0
3.8666666666666667
3.933333333333333
3.8
3.8
3.7333333333333334
3.7333333333333334
3.7333333333333334
3.966666666666667
4.033333333333333
4.3
4.6
4.666666666666667
4.8
4.866666666666666
4.933333333333334
5.133333333333334
5.1
5.1
5.366666666666666
4.966666666666667
5.0
5.433333333333334
5.433333333333334
5.6
5.833333333333333
5.866666666666666
5.966666666666667
6.1
6.266666666666667
6.2
6.2
6.466666666666667
6.4
6.4
6.133333333333334
6.133333333333334
6.0
5.733333333333333
5.833333333333333
5.566666666666666
5.4
5.333333333333333
5.133333333333334
5.033333333333333
5.0
5.0
5.066666666666666
5.033333333333333
5.233333333333333
5.3
5.3
4.966666666666667
5.1
5.1
5.133333333333334
5.0
5.0
4.733333333333333
4.666666666666667
4.866666666666666
4.966666666666667
4.733333333333333
4.8
4.7
4.733333333333333
4.733333333333333
4.733333333333333
4.7
4.5
4.8
4.7
4.6
4.666666666666667
4.733333333333333
4.633333333333334
4.4
4.3
4.3
4.1
4.233333333333333
4.333333333333333
4.433333333333334
4.233333333333333
4.333333333333333
4.166666666666667
4.1
3.933333333333333
4.133333333333334
4.066666666666666
4.1
4.066666666666666
4.066666666666666
4.133333333333334
4.333333333333333
4.333333333333333
4.333333333333333
4.533333333333333
4.7
4.733333333333333
4.6
4.733333333333333
4.833333333333333
4.933333333333334
5.066666666666666
5.033333333333333
5.166666666666667
5.166666666666667
5.2
4.933333333333334
4.933333333333334
4.766666666666667
4.766666666666667
5.266666666666667
5.233333333333333
5.3
5.5
5.7
5.666666666666667
5.766666666666667
5.7
5.533333333333333
5.766666666666667
5.666666666666667
5.533333333333333
5.533333333333333
5.5
5.5
5.533333333333333
5.8
5.833333333333333
6.066666666666666
6.466666666666667
6.566666666666666
6.566666666666666
6.566666666666666
6.5
6.633333333333334
6.6
6.566666666666666
6.533333333333333
6.466666666666667
6.5
6.066666666666666
5.966666666666667
5.9
5.9
6.0
5.966666666666667
6.033333333333333
6.0
6.033333333333333
5.8
5.766666666666667
6.033333333333333
6.133333333333334
5.966666666666667
5.833333333333333
5.8
5.533333333333333
5.333333333333333
5.3
4.766666666666667
4.733333333333333
4.733333333333333
4.633333333333334
4.566666666666666
4.9
4.766666666666667
4.866666666666666
4.866666666666666
4.866666666666666
4.8
4.933333333333334
4.933333333333334
4.8
4.8
4.466666666666667
4.366666666666666
4.333333333333333
4.366666666666666
4.666666666666667
4.733333333333333
4.8
4.533333333333333
4.533333333333333
4.533333333333333
4.666666666666667
4.6
4.566666666666666
4.7
4.533333333333333
4.766666666666667
4.5
4.633333333333334
4.8
4.933333333333334
4.566666666666666
4.533333333333333
4.5
4.4
4.4
4.233333333333333
4.033333333333333
4.0
4.033333333333333
4.0
4.033333333333333
4.0
4.0
4.0
3.9
3.8333333333333335
4.0
4.0
4.0
4.4
4.233333333333333
4.2
4.233333333333333
4.233333333333333
4.366666666666666
4.366666666666666
4.366666666666666
4.066666666666666
4.266666666666667
4.466666666666667
4.5
4.766666666666667
4.7
4.733333333333333
4.9
4.966666666666667
5.1
5.066666666666666
5.2
5.533333333333333
5.733333333333333
5.866666666666666
5.966666666666667
5.933333333333334
5.933333333333334
6.033333333333333
5.9
5.866666666666666
5.9
5.766666666666667
5.933333333333334
6.133333333333334
6.133333333333334
6.0
5.933333333333334
6.133333333333334
6.2
6.366666666666666
6.133333333333334
5.8
5.8
5.533333333333333
5.666666666666667
5.8
5.766666666666667
5.833333333333333
5.9
6.0
5.933333333333334
5.7
5.666666666666667
5.666666666666667
5.6
5.466666666666667
5.3
5.4
5.3
5.266666666666667
5.233333333333333
5.0
5.033333333333333
4.966666666666667
4.933333333333334
4.9
4.9
4.6
4.7
5.166666666666667
5.333333333333333
5.533333333333333
5.533333333333333
5.533333333333333
5.4
5.333333333333333
5.333333333333333
5.4
5.333333333333333
5.333333333333333
5.2
5.166666666666667
5.166666666666667
5.166666666666667
5.2
5.366666666666666
5.433333333333334
5.566666666666666
5.433333333333334
5.433333333333334
5.366666666666666
5.433333333333334
5.233333333333333
5.1
4.933333333333334
5.033333333333333
4.833333333333333
4.866666666666666
4.766666666666667
4.133333333333334
4.133333333333334
3.933333333333333
4.033333333333333
4.066666666666666
4.133333333333334
4.1
4.0
4.033333333333333
4.0
3.8333333333333335
3.966666666666667
3.933333333333333
3.8666666666666667
3.8
3.6333333333333333
3.533333333333333
3.6
3.2
3.2
3.1666666666666665
3.2333333333333334
3.1333333333333333
3.3666666666666667
3.566666666666667
3.6666666666666665
3.8
4.0
4.166666666666667
4.2
4.4
4.233333333333333
4.5
4.4
4.466666666666667
4.633333333333334
4.666666666666667
4.866666666666666
4.766666666666667
4.8
5.0
4.966666666666667
4.966666666666667
5.066666666666666
5.0
5.133333333333334
5.2
5.033333333333333
5.233333333333333
5.5
5.633333333333334
5.633333333333334
6.033333333333333
5.866666666666666
5.733333333333333
5.833333333333333
5.666666666666667
5.533333333333333
5.4
5.3
5.266666666666667
5.3
5.1
4.966666666666667
5.1
5.033333333333333
5.033333333333333
4.766666666666667
4.733333333333333
4.733333333333333
4.666666666666667
4.566666666666666
4.5
4.633333333333334
5.133333333333334
5.166666666666667
5.133333333333334
5.166666666666667
5.133333333333334
5.033333333333333
5.333333333333333
5.366666666666666
5.233333333333333
5.266666666666667
5.333333333333333
5.4
5.366666666666666
5.433333333333334
5.466666666666667
5.6
5.666666666666667
5.733333333333333
5.666666666666667
5.8
5.666666666666667
5.7
5.7
5.933333333333334
5.966666666666667
5.966666666666667
6.0
6.166666666666667
6.233333333333333
6.166666666666667
5.933333333333334
5.9
5.933333333333334
6.066666666666666
6.166666666666667
6.2
5.766666666666667
5.666666666666667
5.6
5.733333333333333
5.8
5.8
5.833333333333333
5.833333333333333
5.533333333333333
6.1
6.1
6.033333333333333
6.133333333333334
6.133333333333334
6.133333333333334
6.0
5.933333333333334
5.666666666666667
5.733333333333333
5.766666666666667
5.6
5.8
5.8
5.666666666666667
5.466666666666667
5.533333333333333
5.5
5.633333333333334
5.533333333333333
5.433333333333334
5.5
5.566666666666666
5.433333333333334
5.233333333333333
5.066666666666666
5.0
4.966666666666667
5.166666666666667
5.433333333333334
4.766666666666667
4.7
4.566666666666666
4.5
4.5
4.466666666666667
4.666666666666667
4.733333333333333
4.933333333333334
4.866666666666666
4.8
4.833333333333333
4.566666666666666
4.633333333333334
4.633333333333334
4.766666666666667
4.7
4.633333333333334
4.633333333333334
4.733333333333333
4.866666666666666
4.933333333333334
4.933333333333334
5.166666666666667
5.166666666666667
5.1
5.066666666666666
5.1
4.8
4.9
5.0
4.8
4.966666666666667
5.166666666666667
5.1
5.266666666666667
5.033333333333333
5.1
4.9
4.766666666666667
4.933333333333334
4.933333333333334
4.9
4.7
4.6
4.733333333333333
4.933333333333334
5.033333333333333
4.8
4.7
4.666666666666667
4.7
4.7
4.566666666666666
4.5
4.633333333333334
4.666666666666667
4.866666666666666
4.8
4.466666666666667
4.366666666666666
4.433333333333334
4.333333333333333
4.233333333333333
4.466666666666667
4.3
4.433333333333334
4.366666666666666
4.533333333333333
4.866666666666666
4.566666666666666
4.6
4.533333333333333
4.666666666666667
4.733333333333333
4.466666666666667
4.233333333333333
4.3
4.366666666666666
4.366666666666666
4.266666666666667
4.166666666666667
4.166666666666667
4.033333333333333
4.1
4.0
3.8
3.6666666666666665
3.7
3.7
3.7333333333333334
3.8666666666666667
4.033333333333333
3.9
3.8
3.933333333333333
3.8333333333333335
3.8666666666666667
3.8333333333333335
3.7666666666666666
3.933333333333333
3.933333333333333
4.166666666666667
4.033333333333333
3.9
4.066666666666666
4.133333333333334
4.133333333333334
4.066666666666666
4.033333333333333
4.033333333333333
4.066666666666666
3.9
3.966666666666667
3.9
4.066666666666666
4.233333333333333
4.2
4.333333333333333
4.5
4.533333333333333
4.533333333333333
4.366666666666666
4.5
4.5
4.466666666666667
4.533333333333333
4.366666666666666
4.366666666666666
4.2
4.0
3.966666666666667
4.0
4.133333333333334
4.533333333333333
4.4
4.333333333333333
4.133333333333334
4.1
4.133333333333334
4.266666666666667
4.166666666666667
4.333333333333333
4.3
4.333333333333333
4.2
4.066666666666666
4.166666666666667
4.066666666666666
4.0
4.033333333333333
4.033333333333333
4.266666666666667
4.166666666666667
4.133333333333334
4.1
4.166666666666667
4.233333333333333
4.166666666666667
4.1
4.266666666666667
4.366666666666666
4.133333333333334
3.966666666666667
3.6
3.7666666666666666
3.7
3.7333333333333334
3.8333333333333335
3.8
3.8
3.8333333333333335
3.8333333333333335
3.8666666666666667
3.8333333333333335
3.8666666666666667
3.9
3.7333333333333334
3.8
3.8333333333333335
3.7666666666666666
3.7333333333333334
3.6333333333333333
3.6
3.533333333333333
3.6666666666666665
3.7666666666666666
3.6666666666666665
3.6666666666666665
3.9
3.933333333333333
3.8
4.0
4.1
4.066666666666666
3.966666666666667
4.133333333333334
4.4
4.3
4.3
4.133333333333334
4.133333333333334
4.3
4.366666666666666
4.6
4.8
5.233333333333333
5.2
5.3
5.333333333333333
5.366666666666666
5.466666666666667
5.433333333333334
5.533333333333333
5.633333333333334
5.566666666666666
5.4
5.633333333333334
5.7
5.9
5.733333333333333
5.833333333333333
5.733333333333333
5.833333333333333
5.866666666666666
5.766666666666667
5.666666666666667
5.8
6.033333333333333
6.066666666666666
6.4
6.433333333333334
6.266666666666667
6.166666666666667
6.0
5.866666666666666
5.633333333333334
5.766666666666667
5.7
6.166666666666667
6.4
6.333333333333333
6.2
6.433333333333334
6.333333333333333
6.366666666666666
6.333333333333333
6.466666666666667
6.4
5.966666666666667
6.166666666666667
6.366666666666666
6.266666666666667
6.166666666666667
6.133333333333334
6.133333333333334
6.133333333333334
5.666666666666667
5.5
5.466666666666667
5.233333333333333
5.2
5.066666666666666
5.1
5.033333333333333
5.033333333333333
4.766666666666667
4.833333333333333
4.833333333333333
4.4
4.166666666666667
4.166666666666667
4.266666666666667
4.2
4.3
4.3
4.466666666666667
4.1
4.033333333333333
4.0
3.966666666666667
3.7
3.8333333333333335
3.8
3.9
3.8666666666666667
3.7666666666666666
3.9
3.9
3.933333333333333
3.933333333333333
3.933333333333333
4.033333333333333
3.933333333333333
4.266666666666667
4.266666666666667
4.4
4.4
4.4
4.233333333333333
4.3
4.333333333333333
4.4
4.3
4.266666666666667
4.266666666666667
4.1
4.233333333333333
4.333333333333333
4.466666666666667
4.4
4.333333333333333
4.333333333333333
4.433333333333334
4.533333333333333
4.833333333333333
5.033333333333333
5.033333333333333
5.0
5.066666666666666
5.133333333333334
5.133333333333334
5.166666666666667
5.233333333333333
5.1
5.033333333333333
5.133333333333334
5.033333333333333
5.1
5.366666666666666
5.4
5.433333333333334
5.366666666666666
5.3
5.266666666666667
5.266666666666667
5.166666666666667
5.3
5.4
5.266666666666667
5.133333333333334
5.566666666666666
5.466666666666667
5.533333333333333
5.6
5.7
5.733333333333333
5.766666666666667
5.866666666666666
5.8
5.7
5.933333333333334
6.0
6.133333333333334
6.133333333333334
6.266666666666667
6.066666666666666
6.066666666666666
5.833333333333333
5.6
5.533333333333333
5.533333333333333
5.566666666666666
5.533333333333333
5.4
5.266666666666667
5.4
5.3
5.4
5.4
5.566666666666666
5.366666666666666
5.5
5.433333333333334
5.4
4.966666666666667
4.833333333333333
4.766666666666667
4.9
5.1
5.066666666666666
5.233333333333333
5.233333333333333
5.266666666666667
5.133333333333334
5.033333333333333
5.066666666666666
5.133333333333334
5.266666666666667
5.2
5.266666666666667
5.2
5.1
5.5
5.533333333333333
5.5
5.633333333333334
5.566666666666666
5.566666666666666
5.7
5.666666666666667
5.5
5.333333333333333
5.333333333333333
5.133333333333334
5.166666666666667
5.133333333333334
5.233333333333333
5.2
5.066666666666666
5.066666666666666
4.633333333333334
4.433333333333334
4.266666666666667
4.3
4.333333333333333
4.433333333333334
4.3
4.3
4.3
4.433333333333334
4.466666666666667
4.533333333333333
4.133333333333334
4.1
4.033333333333333
3.8
3.6666666666666665
3.4
3.3333333333333335
3.2
3.3666666666666667
3.533333333333333
3.533333333333333
3.566666666666667
3.7666666666666666
3.7333333333333334
3.6
3.3333333333333335
3.2333333333333334
3.3
3.466666666666667
3.533333333333333
3.466666666666667
3.433333333333333
3.466666666666667
3.4
3.433333333333333
3.5
3.533333333333333
3.2666666666666666
3.1333333333333333
3.0
3.2
3.4
3.466666666666667
3.5
3.7
3.7666666666666666
4.066666666666666
4.233333333333333
4.2
4.033333333333333
3.966666666666667
4.033333333333333
3.9
4.233333333333333
4.366666666666666
4.666666666666667
4.766666666666667
4.833333333333333
4.733333333333333
4.833333333333333
4.966666666666667
5.066666666666666
4.966666666666667
5.2
5.366666666666666
5.366666666666666
5.5
5.566666666666666
5.666666666666667
5.9
5.633333333333334
5.466666666666667
5.6
5.866666666666666
5.8
5.933333333333334
5.666666666666667
5.766666666666667
5.666666666666667
5.8
5.866666666666666
5.933333333333334
5.933333333333334
5.7
5.666666666666667
5.366666666666666
5.366666666666666
5.333333333333333
5.366666666666666
5.4
5.5
5.333333333333333
5.366666666666666
5.233333333333333
5.3
5.366666666666666
5.2
5.366666666666666
5.333333333333333
5.233333333333333
5.3
5.3
5.333333333333333
5.133333333333334
5.2
5.566666666666666
5.6
5.533333333333333
5.666666666666667
5.7
5.7
5.766666666666667
5.666666666666667
5.666666666666667
5.933333333333334
6.1
6.1
6.066666666666666
6.066666666666666
5.966666666666667
5.733333333333333
5.966666666666667
5.8
5.8
5.7
5.533333333333333
5.533333333333333
5.233333333333333
5.166666666666667
5.066666666666666
5.033333333333333
5.133333333333334
5.0
4.933333333333334
4.8
4.533333333333333
4.533333333333333
4.466666666666667
4.366666666666666
4.266666666666667
4.1
3.8666666666666667
4.166666666666667
4.633333333333334
4.2
4.0
3.8
3.7
3.7
3.6
3.8
3.6666666666666665
3.8666666666666667
3.7333333333333334
3.566666666666667
3.566666666666667
3.6
3.7
3.6666666666666665
3.6333333333333333
3.6333333333333333
3.533333333333333
3.5
3.533333333333333
3.566666666666667
3.2333333333333334
3.2666666666666666
3.3
3.3333333333333335
3.2333333333333334
3.3
3.2666666666666666
3.033333333333333
2.566666666666667
2.6666666666666665
2.7
2.8333333333333335
2.9
2.9
2.8333333333333335
2.8333333333333335
2.8
2.8666666666666667
3.0
3.0
3.1
3.066666666666667
3.2333333333333334
3.3666666666666667
3.4
3.6333333333333333
3.7333333333333334
3.7333333333333334
3.7333333333333334
3.7333333333333334
3.8333333333333335
3.7
3.6333333333333333
3.466666666666667
3.5
3.466666666666667
3.533333333333333
3.466666666666667
3.2666666666666666
3.4
3.433333333333333
3.2666666666666666
3.1333333333333333
3.066666666666667
3.1333333333333333
2.966666666666667
3.2333333333333334
3.1666666666666665
3.1666666666666665
3.1333333333333333
3.1
3.2666666666666666
3.1
3.1
3.4
3.2
3.066666666666667
3.033333333333333
3.033333333333333
3.033333333333333
3.033333333333333
3.033333333333333
3.0
3.033333333333333
3.033333333333333
3.066666666666667
3.1
3.1666666666666665
3.3
3.1666666666666665
3.1
3.1666666666666665
3.2333333333333334
3.2666666666666666
3.4
3.566666666666667
3.4
3.3
3.1
3.1666666666666665
2.966666666666667
3.033333333333333
3.1
3.1666666666666665
2.8
2.9
3.1
3.2666666666666666
3.3666666666666667
3.566666666666667
3.6666666666666665
3.6333333333333333
3.7666666666666666
3.8666666666666667
4.1
4.2
4.133333333333334
4.4
4.4
4.4
4.533333333333333
4.6
4.733333333333333
4.766666666666667
4.9
4.7
4.766666666666667
4.866666666666666
4.933333333333334
5.0
5.2
5.0
4.933333333333334
4.866666666666666
5.066666666666666
5.3
5.433333333333334
5.666666666666667
5.466666666666667
5.366666666666666
5.2
5.333333333333333
5.333333333333333
5.4
5.3
5.3
5.466666666666667
5.133333333333334
5.133333333333334
5.166666666666667
5.133333333333334
5.033333333333333
4.933333333333334
4.966666666666667
4.833333333333333
5.033333333333333
4.933333333333334
4.933333333333334
4.966666666666667
4.9
4.9
4.866666666666666
4.766666666666667
4.8
4.766666666666667
4.466666666666667
4.266666666666667
4.033333333333333
4.166666666666667
4.133333333333334
4.1
4.0
3.8666666666666667
3.8333333333333335
3.8
3.8
3.7
3.7666666666666666
3.8
3.6666666666666665
3.933333333333333
3.9
3.9
3.933333333333333
3.966666666666667
3.8333333333333335
3.7666666666666666
3.9
4.0
4.033333333333333
4.133333333333334
4.233333333333333
4.333333333333333
4.3
4.3
4.266666666666667
4.3
4.166666666666667
4.066666666666666
4.166666666666667
4.366666666666666
4.333333333333333
4.533333333333333
4.566666666666666
4.6
4.6
4.933333333333334
4.866666666666666
4.8
4.8
4.566666666666666
4.6
4.533333333333333
4.733333333333333
4.7
4.8
4.9
4.833333333333333
4.833333333333333
5.1
5.0
5.1
5.0
5.033333333333333
4.866666666666666
4.8
4.666666666666667
4.6
4.766666666666667
4.666666666666667
4.8
4.9
4.9
4.7
4.6
4.566666666666666
4.3
4.733333333333333
4.933333333333334
5.133333333333334
5.0
5.133333333333334
5.1
4.9
4.866666666666666
4.933333333333334
4.766666666666667
4.833333333333333
4.733333333333333
4.433333333333334
4.5
4.266666666666667
4.433333333333334
4.4
4.466666666666667
4.466666666666667
4.766666666666667
5.1
4.9
5.0
5.0
4.9
4.766666666666667
4.833333333333333
4.766666666666667
4.6
4.5
4.133333333333334
4.033333333333333
4.033333333333333
4.1
4.033333333333333
4.1
4.266666666666667
4.133333333333334
3.9
4.066666666666666
3.8666666666666667
3.8
4.0
3.7333333333333334
3.933333333333333
3.7666666666666666
3.7666666666666666
3.9
4.1
3.7333333333333334
3.6666666666666665
3.7333333333333334
3.6666666666666665
3.5
3.5
3.566666666666667
3.6
3.7333333333333334
3.9
4.166666666666667
4.1
4.166666666666667
4.333333333333333
4.3
4.366666666666666
4.733333333333333
4.566666666666666
4.733333333333333
4.933333333333334
4.933333333333334
5.0
5.133333333333334
4.866666666666666
5.066666666666666
4.9
4.933333333333334
4.9
4.7
4.666666666666667
5.133333333333334
4.9
5.033333333333333
4.966666666666667
4.933333333333334
5.066666666666666
4.933333333333334
4.966666666666667
5.0
5.0
4.733333333333333
4.933333333333334
4.8
4.5
4.666666666666667
4.633333333333334
4.233333333333333
4.266666666666667
4.266666666666667
4.2
4.233333333333333
4.2
4.066666666666666
4.166666666666667
4.0
4.033333333333333
4.066666666666666
3.9
3.966666666666667
3.9
3.466666666666667
3.433333333333333
3.3333333333333335
3.2333333333333334
3.1333333333333333
3.066666666666667
3.2
3.2333333333333334
3.2333333333333334
3.1333333333333333
3.2333333333333334
3.3
3.3666666666666667
3.3
3.3333333333333335
3.1666666666666665
3.4
3.4
3.2666666666666666
3.3666666666666667
3.4
3.5
3.533333333333333
3.6333333333333333
3.6666666666666665
3.8333333333333335
4.033333333333333
4.266666666666667
4.366666666666666
4.533333333333333
4.733333333333333
4.9
5.0
5.133333333333334
5.166666666666667
5.3
5.266666666666667
5.366666666666666
5.466666666666667
5.433333333333334
5.3
5.133333333333334
5.033333333333333
5.066666666666666
5.033333333333333
5.1
4.933333333333334
4.9
4.866666666666666
4.7
4.466666666666667
4.3
4.266666666666667
4.2
4.133333333333334
4.066666666666666
3.8333333333333335
3.8666666666666667
3.933333333333333
3.8333333333333335
3.8
3.7666666666666666
3.7
3.566666666666667
3.5
3.3666666666666667
3.3
3.066666666666667
2.8333333333333335
2.8
2.9
2.9
2.9
2.9
2.8666666666666667
3.033333333333333
3.0
3.0
3.066666666666667
3.0
3.1
3.2333333333333334
3.2666666666666666
3.3333333333333335
3.3666666666666667
3.3333333333333335
3.5
3.533333333333333
3.466666666666667
3.5
3.3333333333333335
3.2
3.1
3.066666666666667
3.1
3.1333333333333333
3.1333333333333333
3.3
3.466666666666667
3.8666666666666667
4.0
4.1
4.1
4.3
4.2
4.166666666666667
4.4
4.433333333333334
4.433333333333334
4.5
4.6
4.566666666666666
4.5
4.566666666666666
4.766666666666667
4.8
4.7
4.7
4.6
4.666666666666667
4.6
4.766666666666667
4.933333333333334
5.1
5.133333333333334
5.133333333333334
5.233333333333333
5.2
5.166666666666667
4.966666666666667
4.933333333333334
5.0
4.933333333333334
4.866666666666666
5.0
4.9
4.766666666666667
4.666666666666667
4.8
4.9
4.8
4.9
5.2
5.033333333333333
4.9
4.933333333333334
5.033333333333333
4.833333333333333
4.833333333333333
4.733333333333333
4.733333333333333
4.8
4.866666666666666
4.833333333333333
4.966666666666667
5.133333333333334
4.933333333333334
4.866666666666666
4.866666666666666
5.066666666666666
4.9
4.833333333333333
4.933333333333334
4.833333333333333
4.766666666666667
4.666666666666667
4.566666666666666
4.533333333333333
4.666666666666667
4.566666666666666
4.666666666666667
4.433333333333334
4.266666666666667
4.433333333333334
4.5
4.566666666666666
4.633333333333334
4.733333333333333
4.9
5.0
5.2
5.266666666666667
5.1
5.133333333333334
4.966666666666667
4.7
4.866666666666666
4.966666666666667
5.0
4.766666666666667
5.0
5.0
4.966666666666667
5.066666666666666
5.0
5.3
5.433333333333334
5.566666666666666
5.633333333333334
5.733333333333333
5.8
5.933333333333334
5.866666666666666
5.6
5.5
5.366666666666666
5.133333333333334
5.0
4.866666666666666
4.766666666666667
4.6
4.466666666666667
4.566666666666666
4.433333333333334
4.633333333333334
4.766666666666667
4.666666666666667
4.6
4.6
4.533333333333333
4.6
4.5
4.433333333333334
4.333333333333333
4.366666666666666
4.133333333333334
3.966666666666667
3.933333333333333
3.6
3.433333333333333
3.3666666666666667
3.1666666666666665
3.1
3.3
3.433333333333333
3.433333333333333
4.266666666666667
4.433333333333334
4.333333333333333
4.366666666666666
4.9
4.8
4.733333333333333
4.866666666666666
4.8
4.866666666666666
4.8
4.833333333333333
4.766666666666667
4.8
4.566666666666666
4.666666666666667
4.833333333333333
4.866666666666666
4.966666666666667
5.066666666666666
5.166666666666667
5.2
5.1
5.3
5.3
5.433333333333334
5.466666666666667
5.466666666666667
5.366666666666666
5.4
4.8
4.8
4.866666666666666
4.966666666666667
4.6
4.566666666666666
4.633333333333334
4.733333333333333
4.733333333333333
4.733333333333333
4.733333333333333
4.7
4.7
4.666666666666667
4.666666666666667
4.533333333333333
4.366666666666666
4.333333333333333
4.2
4.1
4.1
4.1
4.4
4.2
4.166666666666667
4.3
4.366666666666666
4.433333333333334
4.533333333333333
4.533333333333333
4.466666666666667
4.7
4.7
4.666666666666667
4.7
4.666666666666667
4.7
4.766666666666667
4.6
4.666666666666667
4.9
4.766666666666667
4.8
5.0
5.0
5.133333333333334
5.2
5.2
5.333333333333333
5.566666666666666
5.5
5.5
5.233333333333333
5.5
5.533333333333333
5.333333333333333
5.366666666666666
5.266666666666667
5.133333333333334
5.1
5.1
4.9
4.933333333333334
5.166666666666667
5.166666666666667
5.166666666666667
4.933333333333334
4.633333333333334
4.8
4.766666666666667
4.6
4.6
4.566666666666666
4.5
4.6
4.6
4.9
4.933333333333334
4.9
4.766666666666667
5.033333333333333
5.0
5.166666666666667
5.033333333333333
5.3
5.6
5.6
5.633333333333334
5.666666666666667
5.933333333333334
5.933333333333334
5.7
5.7
5.466666666666667
5.433333333333334
5.566666666666666
5.833333333333333
5.966666666666667
5.8
5.666666666666667
5.7
6.0
5.966666666666667
5.833333333333333
5.766666666666667
5.833333333333333
5.566666666666666
5.466666666666667
5.433333333333334
5.266666666666667
4.966666666666667
4.933333333333334
4.733333333333333
4.633333333333334
4.2
3.8666666666666667
3.8
3.7
3.8333333333333335
3.5
3.5
3.566666666666667
3.566666666666667
3.5
3.3333333333333335
3.3333333333333335
3.2666666666666666
3.2
3.2666666666666666
3.3
3.2
2.966666666666667
3.033333333333333
3.0
3.2333333333333334
3.1666666666666665
3.2333333333333334
3.2666666666666666
3.933333333333333
3.966666666666667
3.966666666666667
3.933333333333333
4.233333333333333
4.233333333333333
4.7
4.766666666666667
4.733333333333333
4.7
4.5
4.533333333333333
4.5
4.466666666666667
4.466666666666667
4.466666666666667
4.6
4.466666666666667
4.466666666666667
4.433333333333334
4.4
4.366666666666666
4.533333333333333
4.633333333333334
4.766666666666667
4.7
4.3
4.1
3.966666666666667
3.933333333333333
3.1333333333333333
3.4
3.3666666666666667
3.2666666666666666
3.3333333333333335
3.4
3.3666666666666667
3.5
3.5
3.7
3.933333333333333
4.066666666666666
4.1
4.166666666666667
4.133333333333334
4.133333333333334
3.966666666666667
4.233333333333333
4.2
4.266666666666667
4.4
4.5
4.433333333333334
4.366666666666666
4.266666666666667
4.4
4.4
4.633333333333334
4.6
4.733333333333333
5.166666666666667
4.866666666666666
5.0
5.2
5.033333333333333
4.966666666666667
4.666666666666667
4.666666666666667
4.633333333333334
4.833333333333333
4.8
4.6
4.533333333333333
4.433333333333334
4.866666666666666
4.866666666666666
5.0
4.966666666666667
5.033333333333333
5.2
5.133333333333334
5.133333333333334
5.1
5.066666666666666
4.866666666666666
4.933333333333334
5.2
5.066666666666666
5.266666666666667
5.4
5.1
5.133333333333334
5.333333333333333
5.4
5.433333333333334
5.4
5.5
5.5
5.633333333333334
5.4
5.6
5.733333333333333
5.8
6.033333333333333
5.566666666666666
5.566666666666666
5.733333333333333
5.633333333333334
5.566666666666666
5.6
5.6
5.633333333333334
5.8
5.8
5.9
6.033333333333333
6.2
6.3
6.133333333333334
5.933333333333334
6.0
6.233333333333333
5.9
5.833333333333333
5.833333333333333
5.933333333333334
5.866666666666666
5.866666666666666
6.033333333333333
6.0
5.733333333333333
5.6
5.6
5.4
5.566666666666666
5.533333333333333
5.466666666666667
5.5
5.333333333333333
5.166666666666667
5.066666666666666
4.966666666666667
4.866666666666666
4.833333333333333
4.866666666666666
4.566666666666666
4.2
4.2
4.266666666666667
4.3
4.3
4.3
4.366666666666666
4.266666666666667
4.266666666666667
4.166666666666667
4.066666666666666
3.8333333333333335
3.6
3.433333333333333
3.2666666666666666
3.3
3.2333333333333334
3.6333333333333333
3.466666666666667
3.3666666666666667
3.2666666666666666
3.3666666666666667
3.5
3.4
3.466666666666667
3.3666666666666667
3.3666666666666667
3.7333333333333334
3.6666666666666665
3.7333333333333334
3.8333333333333335
3.8333333333333335
3.9
3.9
4.066666666666666
3.966666666666667
3.933333333333333
4.033333333333333
3.933333333333333
4.066666666666666
4.133333333333334
4.2
4.266666666666667
4.4
4.633333333333334
4.733333333333333
4.833333333333333
4.466666666666667
4.466666666666667
4.766666666666667
4.733333333333333
4.6
4.633333333333334
4.833333333333333
4.766666666666667
5.0
4.9
4.5
4.566666666666666
4.666666666666667
4.6
4.5
4.4
4.3
4.0
4.066666666666666
4.1
4.1
3.966666666666667
4.066666666666666
4.033333333333333
4.0
3.933333333333333
3.8333333333333335
3.6666666666666665
3.7333333333333334
3.6333333333333333
3.566666666666667
3.7
3.533333333333333
3.6333333333333333
3.6666666666666665
3.6666666666666665
3.6
3.7333333333333334
3.7333333333333334
3.8666666666666667
3.933333333333333
3.9
3.8
3.933333333333333
4.133333333333334
4.2
4.366666666666666
4.433333333333334
4.266666666666667
4.266666666666667
4.266666666666667
4.333333333333333
4.233333333333333
4.2
4.266666666666667
4.366666666666666
4.5
4.466666666666667
4.333333333333333
4.466666666666667
4.533333333333333
4.533333333333333
4.533333333333333
4.366666666666666
4.433333333333334
4.533333333333333
4.5
4.4
4.166666666666667
4.166666666666667
4.1
4.033333333333333
4.0
3.8
3.5
3.4
3.2333333333333334
3.2666666666666666
3.466666666666667
3.566666666666667
3.6333333333333333
3.7
3.7
3.7666666666666666
3.7
3.7333333333333334
3.6333333333333333
3.6
3.6333333333333333
3.466666666666667
3.566666666666667
3.4
3.2
3.4
3.3666666666666667
3.3
3.2
3.4
3.566666666666667
3.5
3.6666666666666665
3.933333333333333
4.1
4.133333333333334
4.3
4.3
4.366666666666666
4.466666666666667
4.266666666666667
4.366666666666666
4.366666666666666
4.333333333333333
4.333333333333333
4.366666666666666
4.566666666666666
4.466666666666667
4.566666666666666
4.733333333333333
4.633333333333334
4.733333333333333
4.7
4.866666666666666
5.066666666666666
4.933333333333334
4.733333333333333
4.566666666666666
4.566666666666666
4.6
4.466666666666667
4.433333333333334
4.333333333333333
4.066666666666666
4.066666666666666
4.066666666666666
4.1
4.233333333333333
4.266666666666667
4.2
4.3
4.066666666666666
4.0
4.066666666666666
3.933333333333333
3.933333333333333
3.8
3.8
3.8
3.8
3.7666666666666666
3.7666666666666666
3.7
3.6333333333333333
3.6333333333333333
3.566666666666667
3.566666666666667
3.7333333333333334
3.7333333333333334
3.533333333333333
3.8
3.966666666666667
3.933333333333333
4.233333333333333
4.1
4.133333333333334
4.2
4.1
4.166666666666667
4.133333333333334
4.3
4.366666666666666
4.166666666666667
4.066666666666666
4.333333333333333
4.233333333333333
4.266666666666667
4.366666666666666
4.366666666666666
4.433333333333334
4.433333333333334
4.466666666666667
4.633333333333334
4.733333333333333
4.9
5.033333333333333
5.266666666666667
5.2
5.133333333333334
5.133333333333334
5.0
4.933333333333334
4.933333333333334
4.9
4.9
4.8
4.666666666666667
4.7
4.8
4.8
4.633333333333334
4.6
4.866666666666666
4.8
4.6
4.633333333333334
5.1
4.9
5.033333333333333
4.9
5.166666666666667
5.633333333333334
5.4
5.366666666666666
5.466666666666667
5.366666666666666
5.333333333333333
5.633333333333334
5.666666666666667
5.833333333333333
5.8
5.866666666666666
6.033333333333333
5.933333333333334
6.033333333333333
6.233333333333333
6.3
6.533333333333333
6.466666666666667
6.466666666666667
6.433333333333334
6.566666666666666
6.466666666666667
6.533333333333333
6.666666666666667
6.766666666666667
6.366666666666666
6.466666666666667
6.233333333333333
6.2
6.133333333333334
5.533333333333333
5.5
5.4
5.0
5.333333333333333
5.333333333333333
4.966666666666667
5.0
4.966666666666667
4.866666666666666
4.866666666666666
4.666666666666667
4.566666666666666
4.366666666666666
4.233333333333333
4.133333333333334
3.7666666666666666
3.566666666666667
3.466666666666667
3.3666666666666667
3.3666666666666667
3.2666666666666666
3.2333333333333334
3.2
3.1333333333333333
2.933333333333333
2.9
2.8
2.8333333333333335
2.7666666666666666
2.6666666666666665
2.7333333333333334
2.7
2.6666666666666665
2.3666666666666667
2.4
2.6
2.7
2.7
2.7333333333333334
2.566666666666667
2.7
2.6666666666666665
2.8
2.8333333333333335
2.7333333333333334
2.7333333333333334
2.8333333333333335
2.8333333333333335
2.9
2.8
2.7666666666666666
2.8
2.7
2.566666666666667
2.8
2.9
3.066666666666667
3.2333333333333334
3.3
3.433333333333333
3.5
3.533333333333333
3.7333333333333334
3.9
3.8333333333333335
3.7
3.7666666666666666
3.6666666666666665
3.566666666666667
3.6333333333333333
3.6
3.8
3.8333333333333335
3.8666666666666667
3.933333333333333
4.166666666666667
4.333333333333333
4.433333333333334
4.333333333333333
4.433333333333334
4.5
4.5
4.7
4.866666666666666
4.833333333333333
4.866666666666666
4.933333333333334
4.666666666666667
4.666666666666667
4.666666666666667
4.866666666666666
5.066666666666666
5.033333333333333
4.766666666666667
4.766666666666667
4.7
4.533333333333333
4.5
4.533333333333333
4.5
4.4
4.466666666666667
4.466666666666667
4.533333333333333
4.566666666666666
4.566666666666666
4.5
4.433333333333334
4.7
4.766666666666667
4.833333333333333
4.766666666666667
4.766666666666667
4.8
4.7
4.766666666666667
4.8
4.9
4.766666666666667
4.8
4.566666666666666
4.4
4.566666666666666
4.7
5.033333333333333
5.033333333333333
5.133333333333334
5.266666666666667
5.366666666666666
5.266666666666667
5.466666666666667
5.166666666666667
5.2
5.466666666666667
5.7
5.5
5.566666666666666
5.6
5.433333333333334
5.366666666666666
5.466666666666667
5.633333333333334
5.433333333333334
5.266666666666667
5.433333333333334
5.4
5.233333333333333
5.2
5.366666666666666
5.466666666666667
5.433333333333334
5.433333333333334
5.333333333333333
5.3
4.933333333333334
4.9
5.0
4.933333333333334
5.0
5.3
5.133333333333334
5.166666666666667
5.1
4.833333333333333
4.633333333333334
4.8
4.966666666666667
4.933333333333334
5.133333333333334
5.066666666666666
4.833333333333333
4.766666666666667
4.866666666666666
4.9
4.7
4.833333333333333
4.733333333333333
4.666666666666667
4.533333333333333
4.266666666666667
4.233333333333333
4.3
4.1
4.033333333333333
3.9
3.9
3.8666666666666667
4.1
3.933333333333333
3.8
4.166666666666667
4.1
4.233333333333333
4.233333333333333
4.166666666666667
4.066666666666666
3.7
3.7666666666666666
3.5
3.533333333333333
3.6
3.566666666666667
3.6333333333333333
3.7
3.7
3.533333333333333
3.7
3.8333333333333335
3.8666666666666667
3.8666666666666667
4.133333333333334
4.1
4.333333333333333
4.466666666666667
4.666666666666667
5.066666666666666
5.033333333333333
4.833333333333333
4.866666666666666
4.766666666666667
4.533333333333333
4.566666666666666
4.3
4.466666666666667
4.433333333333334
4.433333333333334
4.5
4.466666666666667
4.5
4.533333333333333
4.5
4.666666666666667
4.7
4.566666666666666
4.6
4.6
4.7
4.666666666666667
4.8
4.833333333333333
4.733333333333333
4.7
4.733333333333333
4.733333333333333
4.533333333333333
4.1
4.1
4.133333333333334
4.3
4.233333333333333
4.266666666666667
4.7
4.966666666666667
5.033333333333333
5.166666666666667
5.1
5.3
5.233333333333333
5.2
5.2
5.233333333333333
5.6
5.6
5.8
5.766666666666667
5.566666666666666
5.466666666666667
5.6
5.533333333333333
5.533333333333333
5.6
5.5
5.233333333333333
5.133333333333334
5.333333333333333
5.6
5.5
5.5
5.266666666666667
5.433333333333334
5.433333333333334
5.266666666666667
5.0
4.7
4.533333333333333
4.566666666666666
4.266666666666667
4.333333333333333
4.3
4.1
4.066666666666666
3.466666666666667
3.2333333333333334
3.1
3.066666666666667
3.1
2.933333333333333
2.7
2.8333333333333335
3.033333333333333
2.7666666666666666
2.966666666666667
3.0
3.0
2.8
2.6333333333333333
2.6
2.566666666666667
2.8
2.7666666666666666
2.7666666666666666
2.533333333333333
2.6333333333333333
2.566666666666667
2.6666666666666665
2.6333333333333333
2.8
2.6666666666666665
2.7333333333333334
3.1
3.2333333333333334
3.4
3.566666666666667
3.5
3.7333333333333334
3.8666666666666667
4.033333333333333
4.033333333333333
3.8666666666666667
3.7333333333333334
3.8
3.8
3.7666666666666666
3.8333333333333335
4.0
3.9
3.8666666666666667
3.9
3.6666666666666665
3.566666666666667
3.433333333333333
3.433333333333333
3.433333333333333
3.5
3.6
3.6
3.5
3.6333333333333333
3.566666666666667
3.3
3.3333333333333335
3.2
3.1
3.2
2.933333333333333
2.8333333333333335
2.7333333333333334
2.7333333333333334
2.6666666666666665
2.8666666666666667
2.933333333333333
2.7333333333333334
2.7333333333333334
2.7333333333333334
2.6666666666666665
3.066666666666667
3.2333333333333334
3.3
3.566666666666667
3.533333333333333
3.7333333333333334
3.8666666666666667
3.9
4.033333333333333
4.033333333333333
4.166666666666667
4.266666666666667
4.266666666666667
4.5
4.6
4.433333333333334
4.7
4.7
4.566666666666666
4.633333333333334
4.733333333333333
4.666666666666667
4.7
4.8
4.5
4.766666666666667
4.866666666666666
4.966666666666667
4.966666666666667
4.966666666666667
4.566666666666666
4.433333333333334
4.3
4.4
4.666666666666667
4.733333333333333
4.7
4.633333333333334
4.566666666666666
4.466666666666667
4.4
4.533333333333333
4.433333333333334
4.2
4.166666666666667
4.2
4.1
4.2
4.2
4.2
4.2
4.8
4.866666666666666
4.866666666666666
5.333333333333333
5.333333333333333
5.4
5.333333333333333
5.433333333333334
5.633333333333334
5.866666666666666
5.8
5.933333333333334
5.733333333333333
5.6
5.4
5.4
5.5
5.5
5.666666666666667
5.6
5.266666666666667
5.366666666666666
5.433333333333334
5.533333333333333
5.6
5.6
5.6
5.8
5.733333333333333
5.766666666666667
5.3
5.4
5.466666666666667
5.166666666666667
4.766666666666667
4.833333333333333
4.966666666666667
4.866666666666666
4.833333333333333
4.8
4.966666666666667
4.833333333333333
4.7
5.6
5.666666666666667
5.5
5.6
5.6
5.6
5.733333333333333
5.933333333333334
5.866666666666666
6.1
6.1
6.133333333333334
6.066666666666666
6.166666666666667
6.166666666666667
6.533333333333333
6.533333333333333
6.633333333333334
6.466666666666667
6.366666666666666
6.366666666666666
6.566666666666666
6.533333333333333
6.466666666666667
6.4
6.233333333333333
6.266666666666667
6.433333333333334
6.433333333333334
6.633333333333334
5.666666666666667
5.6
5.766666666666667
5.7
5.7
5.5
5.566666666666666
5.466666666666667
5.633333333333334
5.6
5.566666666666666
5.533333333333333
5.566666666666666
5.266666666666667
5.166666666666667
4.966666666666667
4.9
4.833333333333333
4.9
4.9
4.766666666666667
4.733333333333333
4.8
4.866666666666666
4.833333333333333
4.933333333333334
4.9
4.6
4.6
4.4
4.533333333333333
4.466666666666667
4.333333333333333
4.133333333333334
3.966666666666667
3.933333333333333
3.7666666666666666
3.7666666666666666
3.6333333333333333
3.466666666666667
3.4
3.2666666666666666
3.3
3.466666666666667
3.566666666666667
3.533333333333333
3.533333333333333
3.433333333333333
3.533333333333333
3.566666666666667
3.966666666666667
3.9
3.7666666666666666
3.533333333333333
3.8666666666666667
3.9
3.9
4.1
4.0
4.1
3.9
4.2
4.2
4.333333333333333
4.566666666666666
4.766666666666667
4.8
4.966666666666667
5.166666666666667
5.066666666666666
5.1
5.333333333333333
5.366666666666666
5.4
5.2
5.333333333333333
5.4
5.533333333333333
5.5
5.4
5.3
5.4
5.266666666666667
5.4
5.066666666666666
5.0
5.033333333333333
4.933333333333334
5.1
5.133333333333334
5.166666666666667
5.0
5.0
4.933333333333334
4.866666666666666
4.766666666666667
4.733333333333333
4.633333333333334
4.5
4.633333333333334
4.633333333333334
4.466666666666667
4.3
4.3
4.3
4.033333333333333
4.1
4.066666666666666
3.966666666666667
4.066666666666666
3.9
3.7333333333333334
3.9
3.8
3.933333333333333
3.8666666666666667
3.7333333333333334
3.8
4.0
3.8666666666666667
4.0
4.0
4.033333333333333
4.0
3.8666666666666667
3.8
3.8
3.966666666666667
3.8666666666666667
3.7666666666666666
3.566666666666667
3.6333333333333333
3.6
3.5
3.533333333333333
3.6
3.4
3.433333333333333
3.433333333333333
3.5
3.3333333333333335
3.4
3.3666666666666667
3.5
3.5
4.1
4.0
3.8
3.533333333333333
3.533333333333333
3.466666666666667
3.466666666666667
3.466666666666667
3.466666666666667
3.6
3.8666666666666667
3.8
3.7333333333333334
3.8666666666666667
3.966666666666667
4.166666666666667
4.133333333333334
4.2
4.266666666666667
4.433333333333334
4.4
4.433333333333334
4.233333333333333
4.333333333333333
4.266666666666667
4.333333333333333
4.233333333333333
4.233333333333333
4.3
4.366666666666666
3.8333333333333335
3.8333333333333335
3.8666666666666667
3.8
3.8333333333333335
3.7333333333333334
3.566666666666667
3.6
3.7
3.7666666666666666
3.566666666666667
3.6333333333333333
3.6333333333333333
3.6666666666666665
3.6333333333333333
3.6
3.8333333333333335
3.933333333333333
3.966666666666667
3.933333333333333
4.166666666666667
4.3
4.4
4.3
4.3
4.333333333333333
4.5
4.633333333333334
4.666666666666667
4.433333333333334
4.466666666666667
4.666666666666667
4.766666666666667
4.966666666666667
5.233333333333333
5.233333333333333
5.4
5.4
5.5
5.766666666666667
5.7
5.633333333333334
5.566666666666666
5.633333333333334
5.833333333333333
5.866666666666666
5.7
5.6
5.466666666666667
5.3
5.166666666666667
5.1
5.0
5.066666666666666
5.333333333333333
5.366666666666666
5.3
5.233333333333333
5.066666666666666
5.366666666666666
5.366666666666666
5.633333333333334
5.5
5.433333333333334
5.133333333333334
5.5
5.5
5.433333333333334
5.266666666666667
4.933333333333334
5.133333333333334
5.333333333333333
5.233333333333333
5.033333333333333
5.1
5.033333333333333
5.133333333333334
5.1
5.166666666666667
5.266666666666667
5.433333333333334
5.466666666666667
5.633333333333334
5.533333333333333
5.233333333333333
5.333333333333333
5.333333333333333
5.3
5.366666666666666
5.2
5.033333333333333
4.8
4.933333333333334
5.0
5.266666666666667
5.133333333333334
5.166666666666667
5.333333333333333
5.4
5.4
5.133333333333334
4.933333333333334
5.2
5.233333333333333
4.9
4.9
4.633333333333334
4.833333333333333
4.833333333333333
4.733333333333333
4.533333333333333
4.466666666666667
4.333333333333333
4.5
4.533333333333333
4.5
4.466666666666667
4.5
4.533333333333333
4.4
4.8
4.633333333333334
4.6
4.466666666666667
4.2
4.133333333333334
4.1
4.0
4.133333333333334
4.133333333333334
4.233333333333333
4.366666666666666
4.066666666666666
4.066666666666666
4.166666666666667
4.966666666666667
5.0
4.733333333333333
4.666666666666667
4.933333333333334
5.0
5.133333333333334
5.3
5.166666666666667
5.133333333333334
5.166666666666667
5.1
4.9
4.933333333333334
4.966666666666667
4.833333333333333
4.9
4.9
4.966666666666667
4.933333333333334
5.033333333333333
4.966666666666667
5.066666666666666
5.066666666666666
5.066666666666666
5.2
5.266666666666667
5.533333333333333
5.6
5.466666666666667
5.0
5.133333333333334
5.133333333333334
5.2
5.033333333333333
4.9
4.666666666666667
4.5
4.433333333333334
4.333333333333333
4.366666666666666
4.533333333333333
4.6
4.5
4.533333333333333
4.433333333333334
4.4
4.366666666666666
4.366666666666666
4.366666666666666
4.533333333333333
4.666666666666667
4.666666666666667
4.533333333333333
4.433333333333334
4.366666666666666
4.333333333333333
4.2
4.166666666666667
4.166666666666667
3.8
3.7333333333333334
3.8
3.7333333333333334
3.7333333333333334
3.7
3.7333333333333334
3.7333333333333334
3.8333333333333335
3.8333333333333335
3.6333333333333333
3.6
3.7333333333333334
3.7
3.6666666666666665
3.6
3.5
3.566666666666667
3.6
3.8333333333333335
3.466666666666667
3.466666666666667
3.466666666666667
3.566666666666667
3.6666666666666665
3.6666666666666665
3.6666666666666665
3.7666666666666666
3.6666666666666665
3.966666666666667
4.033333333333333
3.9
3.966666666666667
3.933333333333333
3.933333333333333
4.0
4.033333333333333
4.066666666666666
4.133333333333334
4.166666666666667
4.166666666666667
4.033333333333333
4.033333333333333
4.1
4.3
4.333333333333333
4.333333333333333
4.6
4.566666666666666
4.4
4.466666666666667
4.466666666666667
4.433333333333334
4.466666666666667
