0.5050927
1.6915452e-06
2.4501218e-05
1.0370964e-05
0
2.8500652e-05
2.531986e-05
0
9.224159e-05
0
0
6.516111e-05
9.2984745e-05
1.0630445e-07
1.9351553e-06
0
0
0
1.8642606e-07
0
0.0001371895
0
0
0
0
4.2869402e-07
0.00059831975
0
5.935252e-07
0
0
0
0.0013504889
0
0
0
0
0
9.696508e-07
1.2081689e-06
0
0
0.002096964
0
0
1.6016679e-06
0.4987546
0
0
0
0.004979818
2.1806861e-06
6.4038195e-06
2.2234894e-06
0
1.9166125e-06
0.0072534247
0
2.9554203e-06
2.3124474e-05
3.1084658e-06
3.0687356e-06
3.3153563e-06
0
0
0
0
0
0
1.7212082e-05
9.461193e-06
0.011619766
4.7756685e-06
0
4.6442783e-06
0
0
5.0699e-06
1.0583955e-05
0
0
5.9639215e-06
1.1463297e-05
1.2006102e-05
0
0
0
7.2230523e-06
0
0
8.118323e-06
0
0
6.3557877e-06
0
8.600557e-06
0.022512957
0.024532821
0
0
0
0
1.0006335e-05
0.49683315
0
0
0
0
0
1.0261469e-05
0
1.9181945e-05
0
0
0
1.113381e-05
1.1468773e-05
0
0
2.977157e-05
1.2603328e-05
2.1771008e-05
0
0
0
0
1.2703587e-05
2.198754e-05
0
1.3343241e-05
0
0
0
0
0
0
1.6125541e-05
1.5288235e-05
0
0.032256514
0
0
0
0
0
1.2940145e-05
0
1.9259149e-05
1.828131e-05
1.7774673e-05
0
1.948625e-05
0
1.9436357e-05
2.3716588e-05
0
3.095549e-05
1.9590427e-05
3.2639964e-05
0
0
0
3.227876e-05
0
2.1307396e-05
0
2.2112788e-05
0
0
0
2.3982073e-05
2.3826207e-05
2.3781224e-05
2.4349865e-05
0
0
0
0
0
2.5762089e-05
0
5.4747747e-05
2.727483e-05
0.04095755
0
0.04138878
0
0.03886577
0
0.04484926
0
4.226481e-05
2.9344112e-05
2.961676e-05
0
0
3.0129508e-05
0
0
3.072613e-05
0
3.138944e-05
3.1548316e-05
0
3.1188727e-05
2.0587238e-05
0
3.057109e-05
2.9462713e-05
4.881162e-05
0
0
3.2321957e-05
0
0
3.497192e-05
0.043690488
3.677173e-05
0
0.041675817
0
0
0
0
0
0.044512402
3.6953053e-05
5.5146906e-05
0
3.9750572e-05
0
8.1895705e-05
0
0
0
5.9898244e-05
0
0
0
0
9.378561e-05
0
2.866385e-05
4.333692e-05
0
0
0
7.172677e-05
4.7239115e-05
5.0940183e-05
0
0
5.2436568e-05
5.6823625e-05
5.433793e-05
0
0.0394025
8.4785046e-05
4.5068693e-05
5.602068e-05
0
0
6.0856477e-05
5.847946e-05
0.034240514
0
0
9.309938e-05
0
0
6.0822727e-05
0
6.579034e-05
0
0
6.2118874e-05
0
5.063363e-05
0
5.121639e-05
0
0
8.1285514e-05
0
0
5.3924832e-05
5.7481488e-05
0
0
5.008407e-05
0
6.3068605e-05
0
0
0
5.6148103e-05
8.9256995e-05
0
0
6.049587e-05
4.9817834e-05
0.48846054
6.0248996e-05
0
1.2057144e-05
0
0
0.0033735961
5.3077376e-05
9.433264e-05
9.37608e-05
0
5.041987e-05
4.1817282e-05
5.626477e-05
4.7674475e-05
0
0
0
6.16467e-05
0.49153078
5.272834e-05
0.00013399507
0.00050145324
0
5.0394374e-05
0
0
0
0
5.7024125e-05
3.6205514e-05
5.1849995e-05
0
0
3.8215825e-05
0
1.6530197e-05
7.5840376e-08
2.1984124e-06
0
0
0
0
3.7172744e-05
2.3073e-05
0
4.7002006e-05
5.667e-05
0
1.6447704e-05
2.4327921e-05
0
2.6652215e-05
0
0
0
0
0
0
0
0
0.2815474
1.9359351e-05
2.0568961e-05
1.4147834e-05
4.829767e-05
0
0
1.718805e-05
0
5.072727e-05
0
1.3207243e-05
3.8465503e-05
0
0
0.49621794
0
0
2.9740475e-05
0
0
0
0
0
0
0
2.9950506e-05
0.4904565
8.333179e-05
0
3.359049e-05
0
2.965108e-05
4.8117814e-05
2.5902464e-05
0
1.1541579e-05
2.8556038e-05
2.9873796e-05
0
2.8401515e-05
0
0
3.8828828e-05
4.8931224e-06
3.6940357e-05
0
4.5125063e-05
4.9744645e-05
3.7406913e-05
3.8564376e-05
0
0
0
1.3987446e-05
0
4.5631212e-05
4.2456493e-05
0
0
1.1786085e-05
6.076575e-05
0
0
0
9.165042e-05
0
0
2.4125726e-05
0
1.1971954e-06
0
0
2.4424966e-05
2.4225326e-05
0
0
4.35575e-05
0
1.701304e-05
3.294112e-05
0
1.4808621e-05
2.1815928e-05
0
3.074902e-05
0
4.3866778e-05
0
0
3.899126e-05
8.8386005e-06
0
7.1585746e-06
0
0
2.086875e-06
0
7.970119e-05
5.0325452e-05
5.35955e-05
1.8545943e-05
0
0
0
4.42503e-05
0
3.479318e-05
0
9.86293e-06
5.1920768e-05
0
0
4.345772e-05
0
0
0
0
5.430691e-05
4.3004853e-05
4.3008255e-05
0
0
2.4229972e-05
2.4547779e-05
2.3746434e-05
4.7374262e-05
0
0
0
0
0
0
4.346909e-05
1.06090265e-05
5.178906e-05
0
2.7712162e-05
1.2974882e-05
0
3.92684e-05
0
0
3.478536e-05
0
0
1.440887e-05
0
0
0
2.6432046e-05
4.6422017e-05
0
0
0
3.2190517e-05
0
9.774313e-06
5.997935e-06
5.477151e-06
0
4.4908444e-05
0
0
4.277686e-05
0
0
3.6491874e-05
1.6970402e-05
0
0
0
3.126255e-05
0
2.9876213e-05
3.04811e-05
5.0168062e-05
0
4.8898008e-05
0
2.873597e-05
0
5.865893e-05
1.687185e-05
0
0
0
0
3.88724e-05
0
4.013601e-05
4.5859913e-05
4.6558533e-05
0.49202642
0
3.1254964e-05
0
3.6738187e-05
0
0
4.1640847e-05
0
4.426096e-05
0
2.996777e-05
2.6670232e-05
0
2.6955146e-05
3.542636e-05
2.9563222e-05
0
5.088275e-05
2.9556908e-05
0
0
4.9733775e-05
0
6.51651e-05
5.063312e-05
3.4936333e-05
0
3.6556547e-05
0
0
0
2.1525957e-05
0
5.1568808e-05
4.912081e-05
0
4.7248366e-05
5.8352234e-06
2.492471e-05
0
3.5059296e-05
4.8313712e-05
0
9.2934904e-05
2.0887717e-05
0
6.0151506e-05
5.233936e-05
2.7413926e-05
7.072723e-05
0
5.3363845e-05
2.6347213e-06
0
0
3.6814396e-05
0
4.34546e-05
4.2966385e-05
4.1533567e-05
5.0174545e-05
0
5.755741e-05
0
0
0
1.90035e-05
0
3.6295787e-05
2.1412281e-05
0
0
0
2.0628284e-05
0
1.20871655e-05
0
0
0
5.0751765e-05
1.8132261e-05
4.1292154e-05
7.379746e-05
3.8919337e-05
2.4885147e-05
0
2.3767101e-05
0
0
5.084961e-05
0
0
0
0
2.7915881e-05
0
0
4.4210337e-05
6.173552e-06
0
0
5.4705444e-05
1.17957825e-05
0
0
2.8862229e-05
0
4.4556946e-05
0
0
7.1897492e-09
0
4.6692785e-05
4.1775565e-05
0
0
0
0
1.9898062e-05
0
2.8017195e-05
4.3743454e-05
3.5055647e-05
0
4.6354286e-05
0
0
1.3560406e-05
0
4.177557e-05
0
9.304943e-05
0
0
0
0
0
0
4.3167143e-05
0
0
0.00012428671
5.999519e-05
0
3.9418243e-05
3.412291e-05
3.3019747e-05
0
1.9481275e-05
6.110412e-05
2.1906726e-05
0
0
0
0
0
3.360824e-05
1.8771872e-05
0
0
0
5.877749e-05
0
6.2965446e-05
0
2.1341148e-05
0
0
3.8727532e-05
0
0
3.738539e-05
5.5181692e-05
0
0
0
0
0
5.783469e-05
3.022081e-05
0
0
1.6634644e-05
5.573179e-05
3.3183638e-05
0
8.9351575e-05
0.49621293
0
4.5051846e-05
1.542606e-05
1.582834e-05
0
0
3.391075e-05
0
6.322366e-05
0
3.4479704e-06
6.266472e-05
3.2210024e-05
0
5.7510602e-05
1.1036689e-05
0
0
0
0
0
4.5684585e-05
6.171305e-05
0
0
4.9500253e-05
0
0
0
1.9713883e-05
2.2549013e-05
5.3839212e-05
4.591918e-06
3.558593e-05
0.3239877
3.6364709e-06
0
5.6213166e-06
0
0
5.3787262e-05
0
0
0
0
4.4891294e-06
0
0
2.3423352e-05
1.140042e-05
1.3873678e-05
0
2.7398331e-05
2.3278104e-05
5.1584833e-05
2.6356533e-05
0.49744534
0
0
0
0
5.387723e-05
0
8.487144e-05
5.3474127e-05
0
9.9925375e-05
2.798026e-05
3.0302079e-05
4.0027648e-05
3.55731e-05
2.3181763e-05
0
1.3697603e-05
0
0
1.2175878e-05
0
0
0
3.0485995e-05
0.5010341
2.2487617e-05
7.0531e-05
0
5.8926125e-05
0
3.4784716e-05
1.406085e-05
5.631543e-06
0
4.9113652e-05
3.320731e-05
0
3.9813283e-05
4.5359506e-05
5.4215285e-05
0
0
0
1.2690074e-05
6.5197764e-06
5.2240625e-06
3.4595145e-05
8.8200466e-07
0
0
0
0
0
0
1.4435303e-05
0
0
0
2.6594258e-05
1.860776e-05
0
0
3.5451998e-05
3.9654486e-05
3.684341e-05
3.311843e-05
1.6328024e-05
1.7308955e-07
0
4.0295956e-05
1.5567151e-05
3.0647516e-05
0
4.9940732e-05
0
0
3.0354675e-05
0
0
2.5636076e-05
0
9.649195e-07
3.0144633e-05
2.8233304e-05
0
4.012799e-05
4.1495994e-05
7.274232e-05
9.8738405e-05
0
2.3333523e-05
1.01589e-05
0
0
2.4493222e-05
0
0
3.19249e-05
0
0
5.586659e-05
3.2614265e-05
3.107861e-05
4.7872432e-05
2.8829636e-05
0
2.5208756e-05
0
4.4536664e-05
4.7163205e-05
2.9782794e-05
1.207065e-05
0
0
0
0
0
0
5.5012122e-05
3.3480443e-05
3.1286065e-05
0
0
0
0
0
0
1.9245224e-05
1.7623988e-05
0
0
4.6739842e-05
0
0
1.1584782e-06
3.9057384e-05
0
0
0.4923081
0
0
0
2.7052175e-07
8.875202e-05
5.9514612e-05
0
3.1130166e-05
4.8816193e-05
0
0
6.3994903e-06
4.3139666e-05
0
0
4.2526273e-05
2.5315789e-05
4.378415e-05
4.3544427e-05
0
5.1639865e-05
0
5.909741e-05
0
0
0
0
5.9057304e-05
0
3.5886296e-05
5.2532763e-05
6.787166e-05
1.7172235e-05
3.6669036e-05
5.477837e-05
4.5853056e-05
4.6454286e-05
0
5.947631e-07
5.689416e-05
0
4.6205216e-05
0
4.7680925e-05
0
4.780399e-05
0.49409917
2.9389323e-05
4.6595982e-05
2.2701977e-05
8.396942e-05
0
3.203497e-05
0
2.6531257e-05
0
0
7.849726e-06
4.2690164e-05
3.0437346e-05
1.4473083e-05
0
0
2.0590001e-05
3.2335363e-05
0.4922092
3.5718593e-05
1.9531702e-05
0
5.6069866e-06
0
0
0
1.7388942e-05
0
0
8.475721e-05
5.3865748e-05
9.749031e-05
0
0
5.5851087e-05
0
8.083353e-05
7.3719086e-05
0
0
0
6.334911e-05
5.5978697e-05
0
0
0
3.3172575e-05
3.590601e-05
0
0.49016812
6.425166e-05
4.6998226e-05
0
0
6.0089827e-05
6.1334926e-05
0
0
6.2896346e-05
0
2.1484786e-05
0
4.22233e-05
0
0
3.0692696e-05
3.6703048e-05
0
5.2878517e-05
2.6787135e-05
0
3.0010453e-05
2.0828338e-05
5.1057623e-06
0
0
0
4.4790424e-05
0
2.080996e-06
5.5362318e-05
0
1.2595153e-06
0.49473175
6.45366e-05
2.2898874e-05
3.3197707e-06
5.9784354e-05
0
4.465894e-05
2.4552064e-05
0
0
2.329412e-05
0
0
2.7551505e-06
0
0
7.2840608e-06
3.5932837e-05
1.0965072e-05
0
6.421846e-05
0
0
0
3.320519e-05
3.5719044e-05
3.7127254e-05
2.8595774e-05
0
0
0
0
5.2815947e-05
0
3.1510208e-05
0.28408217
0
4.174429e-05
2.555262e-05
0
0
6.403299e-06
0
0
0
8.189791e-06
0
0
4.9822032e-05
5.3403295e-05
1.38053e-08
0
5.4193206e-05
3.4881727e-05
6.4216976e-05
0
0
0
0
0
6.185202e-05
0
0
0
1.1014237e-05
8.18034e-05
0
4.5981193e-05
9.7576274e-05
0
0
3.111058e-05
1.4859806e-05
0
2.2917018e-05
0.000110697314
2.5430223e-05
0
0
5.8777576e-05
0
0
0
8.364947e-05
4.8274305e-05
0
5.6353296e-05
0.000104694205
0
0
0
2.911668e-05
0
3.70615e-05
4.8758448e-05
0
0
2.1420604e-07
0
1.838952e-05
0
0
0
0
4.857004e-05
0
9.382279e-05
0
0
5.9205508e-05
1.911783e-05
5.8616362e-05
0
0
4.9135728e-05
4.115121e-05
4.2743406e-05
6.240483e-05
6.2025225e-05
1.1025319e-05
0
4.8473405e-05
0
0
0
0
4.536511e-05
2.1468138e-07
3.580841e-05
5.152226e-05
0
3.5199864e-05
0
1.0502602e-05
0
0
0
0
3.5750094e-05
7.499066e-07
0
2.6861542e-05
0.000104443956
0
0
8.528715e-06
0
4.2115742e-05
0
0.4926077
0
2.182631e-05
0
0
1.8261475e-05
2.350599e-05
0
0
2.2577864e-05
0
0.00014807231
0
4.5210534e-05
0
0
6.4881286e-05
0
0
0
5.728111e-05
0
0
3.7523558e-05
0
0
6.032931e-05
0
0
5.4525706e-05
4.2784475e-05
0
0
3.4551405e-05
0
6.6451666e-06
0
0
0
0
4.264989e-05
0
2.7495582e-05
0
2.37774e-05
0
0
3.996591e-05
0
2.534152e-05
0
1.2530834e-05
2.9802968e-05
0
2.9785035e-05
6.560813e-05
4.9188195e-05
4.459925e-05
0
3.2368604e-05
0
5.964985e-05
2.9793042e-05
0
2.9764866e-05
4.0785162e-05
0
3.2953645e-05
5.326821e-05
0
0
0.28913718
3.7113015e-05
1.7831984e-06
8.475856e-06
0
0
2.649247e-05
3.3578017e-05
0
3.4751967e-05
0
1.890191e-05
9.071202e-06
0.49893877
1.7617425e-05
2.5299178e-05
0
1.6903463e-05
0
0
9.192308e-06
6.1366745e-07
0
0
3.8052352e-05
0
1.0916076e-05
2.7122675e-05
0
3.4509474e-05
0
1.596819e-05
3.0066425e-05
4.3075364e-05
3.315234e-05
0
4.4619723e-05
4.3807326e-05
3.7332647e-05
0
5.0370876e-05
0
0
0
4.431237e-06
4.2124877e-05
3.7680737e-05
1.64339e-05
0
5.0101356e-05
0
4.376719e-05
6.6406956e-06
0
0
0
0
0
2.4017758e-05
4.502946e-05
0
0
0
3.3558368e-05
3.6119876e-05
0
0
0
5.301113e-05
4.1846357e-05
0
5.4420212e-05
0
0
0
1.7422064e-05
2.2044708e-06
0
0
0
0.00010366932
0
0
4.0157065e-06
4.3224634e-05
2.800834e-05
0
3.4749733e-05
0
6.608248e-07
0
6.350391e-05
8.502476e-05
0
0
2.6700138e-05
0
0
5.016692e-05
0
0
0
0
0
5.0957267e-05
3.8123795e-05
0
0
5.4554857e-05
0
0
0
5.3603442e-05
0
1.9417823e-05
0
9.509443e-06
1.4287491e-06
0
0
0
0
4.3916833e-05
0
2.6374219e-05
0
1.2389209e-05
4.7109766e-05
2.4428646e-05
1.8428194e-05
0
1.0205609e-05
0
0
0
1.0743271e-06
4.3931257e-05
4.1212566e-05
5.198909e-05
3.1506454e-05
0
0
0
1.9785042e-05
0
0
2.7060158e-05
5.1688265e-05
6.1094233e-06
0
0
0
4.4703606e-06
1.0499228e-05
4.735937e-06
0
3.110828e-05
0
3.6954138e-05
4.965352e-05
0
0
8.4126594e-05
0
2.371021e-05
0
0
0
0
0
0
0
3.773528e-06
3.6127327e-05
2.5998165e-06
0
0
0.27794665
2.2325768e-05
5.6171877e-05
0
4.7979513e-05
0
0
0
2.8124627e-05
0
0
2.864435e-05
0
0
0
0
6.889862e-05
2.5782863e-05
9.9841185e-05
5.1439325e-05
8.675039e-05
0
0
2.574836e-05
0
5.7827827e-05
2.7795657e-05
8.084643e-06
0
0
3.4429715e-05
0
3.1147963e-05
4.2229156e-05
4.786045e-05
3.7683825e-05
4.91331e-05
2.9116854e-05
0
0
3.7872385e-05
0
7.803745e-06
0
0
5.4731863e-06
7.806759e-06
0
0
5.766371e-05
2.0289828e-05
3.786034e-05
0.9956206
0
0
0
0
0
1.3684661e-05
6.571107e-05
0
0
0
3.7029713e-05
3.081713e-05
0
5.079386e-05
0
0
5.676158e-05
0
5.4718916e-05
0
0
8.400599e-05
0
0
0
0
0
3.9309267e-05
0
0
0
4.7110647e-05
3.1496587e-05
0
0
3.4455836e-05
6.569509e-05
5.436934e-05
0
0
2.734491e-06
0
0
2.9594126e-05
0
0
0
0
0
0
3.070169e-05
4.603001e-05
0
1.5515907e-05
0
3.321715e-05
0
0
0
2.7862181e-05
0
3.201712e-05
2.9619612e-05
0
1.8160905e-05
5.9203747e-05
0
0
5.7413345e-05
0
0
3.9575192e-05
0
0
0
0
5.325487e-05
0
4.1509466e-05
0
4.4194e-05
5.145289e-05
2.8648523e-05
1.9432839e-05
4.2266543e-05
0
6.582628e-06
8.854608e-07
6.38864e-05
0
4.3305332e-05
0
0
0
2.369916e-05
4.4473476e-05
0
0
6.118567e-05
0
2.189976e-05
3.3737317e-05
0
5.8773738e-05
0
6.346875e-05
0.00027270784
5.7184487e-05
5.6942285e-05
0.49186572
0
0.000111067755
0
5.092786e-05
5.1181938e-05
3.4464865e-05
6.8962894e-05
5.0069593e-05
3.657554e-05
0
9.088942e-06
7.7021745e-05
6.28511e-05
0
4.311881e-05
0
7.31919e-05
0
3.1921474e-05
0
5.7295932e-05
0
7.515938e-06
3.188375e-05
2.6455678e-05
8.776817e-05
0.00010032731
0.00021775818
7.6245014e-05
0
0.49216706
1.9248813e-05
4.1502874e-05
2.2166794e-05
4.051484e-05
2.8938235e-05
0
3.216869e-05
5.8186128e-05
2.4612762e-05
0
3.6794845e-05
0
0
0
0
5.6860852e-05
3.4921406e-05
0
3.9342714e-05
0
0
3.5658835e-05
0
5.623588e-05
3.5378955e-05
4.7916645e-05
4.1532956e-05
0
8.370178e-06
3.5205325e-05
0
0
9.626704e-05
3.846307e-05
4.071949e-05
3.414851e-05
4.8188424e-05
0
8.7650915e-06
0
0
0
0
3.575551e-05
0
4.8883066e-05
5.025963e-05
0
1.1996157e-06
0.49617675
3.426506e-05
0
0
3.709437e-05
5.6889687e-05
0
5.2166193e-05
3.7699472e-05
0
0
4.4989207e-05
3.006012e-05
0
0
0
0
0
6.0741928e-05
3.066627e-05
0
0
4.450263e-05
0
0.31295967
0
2.3341432e-05
0
0
2.6940656e-05
3.4174198e-05
0
0
3.174458e-05
5.352091e-05
0
0
0
1.6146618e-05
6.645962e-05
0
3.1881027e-05
3.5481746e-05
0
0
1.5460722e-05
0
4.4638764e-05
2.3468268e-05
6.791325e-06
0
3.0990384e-05
4.0199928e-05
2.0095698e-05
0
2.426776e-05
0
0
1.1595761e-05
3.211848e-05
0
4.2256725e-05
3.449246e-05
0
0
1.0686137e-05
0
0
2.8146615e-05
2.5967249e-05
0
0
1.0796116e-05
1.3415319e-05
0
4.4060575e-06
2.9656807e-05
0
1.2443377e-05
0
0
0
2.6220609e-05
0
2.416068e-05
0
5.5337383e-05
0
0
4.526554e-05
0
0
3.585768e-05
0
2.7744369e-05
5.565593e-05
3.1412164e-05
3.291266e-05
3.0168016e-05
0
0
1.324595e-05
0
0
0
2.3802246e-05
0
0
0
1.604225e-05
0
0
0
3.0513153e-05
4.554157e-05
2.2170307e-05
2.5280262e-05
5.791177e-05
0
4.352867e-06
4.8430907e-06
3.685933e-05
3.2533637e-05
0
1.961044e-05
4.0306524e-05
0
0
0
0
6.624014e-05
0
0
0
0
0
1.1605971e-05
3.175312e-05
3.1362808e-05
0
5.654004e-05
2.2007905e-05
0
0
0
0
0
0
0
0
0
2.4985377e-05
0
0
1.1941646e-05
0
0
1.912314e-05
4.8213024e-06
0
0
2.5016574e-05
5.476478e-06
1.1872988e-05
0.2839488
0
1.42496065e-05
0
6.613978e-05
0
2.7002243e-05
0.29291052
0
3.2355205e-05
0
0
0
5.43582e-05
4.3061016e-05
0
0
0
0
5.3570577e-05
0
0
6.2108345e-05
2.6952655e-05
0
5.575401e-05
0
3.1168478e-05
1.07032365e-05
1.17519825e-07
2.7829396e-05
4.1297848e-05
4.136284e-05
0
0
6.296055e-05
2.1023441e-05
0
3.2663735e-05
3.9528575e-05
4.5194993e-06
0
3.834378e-05
0
2.8482566e-05
0
0
0
3.0639403e-05
1.1126046e-05
0
5.490869e-05
4.248246e-05
3.982863e-05
0
5.97056e-05
0
0
1.3790252e-05
2.2090335e-05
4.1643092e-05
0
0
0
0
3.436716e-05
0
0
0
0
0
0
5.9054204e-05
0
6.0512415e-05
4.4258675e-05
0
4.5788755e-05
0
5.7334117e-05
0
5.8145284e-05
0
8.02664e-06
0
0
0
0.4924369
0
2.9838273e-05
0.49225357
0
3.4001027e-05
6.179769e-05
0
2.5635858e-05
3.4611123e-05
2.8931237e-05
3.3520282e-05
1.8959748e-08
0
0
3.135868e-05
3.6767116e-05
5.962426e-05
0
2.196195e-05
0
4.65087e-05
2.4741592e-05
5.9755417e-05
2.698314e-05
6.6063716e-05
0
9.8806995e-05
0
1.9148267e-05
2.0926269e-05
0
0
0
3.5149544e-05
0
0
2.8851651e-05
4.4165063e-05
0
0
0
0
0
6.3385225e-05
5.6331217e-05
6.610348e-05
0
0
0
3.449442e-05
3.2762422e-05
4.9448507e-05
6.263828e-05
0
7.4085992e-06
0
0
0
0
0
0
5.4480362e-05
0
0
6.716816e-05
3.0691477e-05
3.661013e-05
4.279396e-05
3.58414e-05
9.434429e-05
0
6.6162116e-05
0
5.208177e-05
5.1323463e-05
0
2.1711505e-05
5.559945e-05
0
2.8652285e-05
5.8880294e-05
4.430514e-05
0
0
4.960644e-05
1.1569587e-05
3.6585236e-05
0
0
4.413517e-05
3.454604e-05
5.1809697e-05
4.3896198e-05
6.222743e-05
4.212473e-05
4.3762124e-05
3.4928275e-05
0
0
0
5.105246e-06
0
0
0
3.1931504e-05
1.2201752e-05
2.0899914e-05
2.7584156e-05
5.4401775e-05
6.699251e-05
0.30146658
1.547719e-05
0
4.853013e-05
4.939864e-06
0
0
3.6339057e-05
5.288849e-05
0
2.03241e-05
2.7475684e-05
3.91179e-05
0
0
0
3.249367e-05
4.619598e-05
0
0
0
0
0.00010075173
0
6.3698803e-07
2.982581e-05
0
0
5.5389068e-05
0
5.434837e-05
0
0
5.3978296e-05
0
2.1403966e-06
9.5861906e-05
5.103062e-05
0
4.2932923e-05
0
8.253905e-06
0
0
2.1963877e-05
2.8811135e-05
2.8669906e-06
0
2.8878352e-05
0
2.4105651e-05
0
0
5.4524382e-05
9.377068e-05
0
0
5.255887e-05
0
5.384963e-05
0
0
4.339988e-05
0
6.189929e-05
5.9660008e-05
4.93188e-05
0
0
0.00016178787
0
0
0
0
3.566511e-05
6.308892e-05
0
6.524341e-05
0
3.2513715e-05
7.9819925e-05
0
2.6103178e-05
4.3519925e-05
0.000112634414
0
3.057681e-05
0
0
0
0
0
4.3179698e-05
2.935076e-05
3.5591835e-05
0
5.720127e-06
0
5.567604e-05
0
0
3.0244822e-05
0
0
0
0
9.8292934e-05
0
4.060787e-05
2.6831036e-05
0
6.8704976e-05
0
0
2.8160659e-05
0
0
1.9316558e-05
2.5755991e-05
3.138734e-05
2.1172782e-05
0
3.69396e-05
0
0
0
0
0
0
3.5331206e-05
9.919413e-06
7.902374e-06
3.1393763e-05
2.546508e-05
0
3.3865294e-05
0
0
5.48579e-06
3.0494837e-05
0
3.1756113e-05
0
0
6.932358e-05
5.8167458e-05
0
0
0
0
0
3.720577e-05
7.312766e-05
0
0
2.8526338e-05
6.850152e-06
4.3418964e-05
4.164021e-05
4.3869004e-05
0
0
0
0
0
0
9.463569e-05
5.7694942e-06
3.404943e-05
5.8907655e-05
7.463273e-05
5.801815e-06
0
0
0
0
2.1628035e-05
0
1.3251342e-05
0
1.4223833e-05
0
0
0
0
0
3.6867117e-05
0
5.43184e-07
0.4928237
0
0
5.0372568e-05
2.6219072e-05
0
0
0
4.3476102e-05
0
3.2316737e-05
0
3.3828448e-05
0
0
0
0
3.377844e-05
5.925817e-05
0
0.00024408786
0.000109718036
0
0
6.639259e-05
0
6.7037945e-05
0
0
3.9436138e-05
0
0
0
3.6387624e-05
0
0
0
0
0
0
1.1872887e-05
0
0
0
0
0
1.6833989e-06
0
0
0
7.018824e-05
2.8298096e-05
2.8864586e-05
0
4.000094e-06
3.1201284e-06
1.6386062e-05
3.1279655e-05
2.4671152e-05
0
0
7.9768004e-05
2.4819998e-05
0
0
0
4.3569594e-06
6.698111e-05
0
4.263297e-05
3.530218e-05
5.2197393e-05
5.5371573e-05
0
0
3.5581288e-05
0
0
0
6.126119e-05
3.8366834e-05
2.3634486e-05
0
5.1468876e-05
3.4784905e-05
3.6653717e-05
0
0
3.4752095e-05
1.3935507e-05
4.5805766e-05
2.4171059e-05
0
0
4.970747e-05
3.71743e-05
0
0
0
0.49560148
1.8975123e-05
0
0
0
0
1.1753807e-05
3.2684948e-05
0
3.355903e-05
6.768157e-06
2.2135991e-05
5.672237e-06
7.0694625e-08
0
0
0
3.6607362e-06
0
4.2522654e-05
0
0
0
4.824454e-05
0
5.2735024e-05
0
2.1477063e-05
1.664284e-05
0
4.955986e-05
6.5247776e-05
2.6324971e-05
0
0
0
2.1942395e-05
3.171303e-05
4.447622e-05
8.345869e-05
2.229503e-05
0
0
0
0
0
3.255662e-05
0
4.3184144e-05
0
0
0
0
0
0
0
0
0
9.6103044e-08
8.503874e-06
0
0
3.8503395e-06
0
3.5285615e-05
5.9428407e-05
0
0
0
3.5788675e-05
0
1.11758345e-05
0
0
3.7012076e-05
0
0
1.5188793e-06
0
0
3.9947565e-05
3.9980067e-05
4.646679e-05
0
9.816729e-05
0
0
0
3.9792125e-05
4.518308e-05
7.262237e-05
0
0
0
0
0
0
8.705729e-06
0
0
0
3.2359476e-06
2.2953449e-05
3.2024895e-05
0
0
0
0
0
1.0865917e-05
4.4082026e-05
0
0
0
3.5997706e-05
8.521117e-06
0
0
0
0
0.49780887
2.8705606e-05
5.279311e-05
6.34755e-05
2.9873421e-05
5.2136056e-05
0
0
0
0
3.3358963e-05
2.3499024e-05
2.9097542e-05
4.819318e-05
1.658877e-06
0
0
0
0
0
0
0
4.3446093e-05
0.4926972
0
1.8405366e-05
5.5760138e-05
3.456212e-05
0
0
2.6623313e-06
0
0
1.3553155e-05
2.9346207e-05
1.6367514e-05
2.6382062e-05
0
0
0
0
5.9028785e-06
0
2.6458933e-05
0
0
0
6.352179e-05
0
0
0.28560925
4.22558e-05
0
2.4748155e-05
0
5.4463337e-05
0
0
0
0
0.4906994
0
0
0
0
4.894458e-05
0.00015687368
6.671757e-05
0
0
0
7.636678e-05
5.6811255e-05
0
0
0
8.9886336e-05
0.00018202545
5.5149674e-05
0
4.184173e-05
0
0
0
0
0
4.8009453e-05
6.3834115e-05
0
0
6.6987486e-05
1.2143619e-05
5.6718567e-05
4.1749223e-05
5.5638873e-05
3.3763772e-05
0
3.3325756e-05
7.363939e-07
1.1167827e-05
3.975488e-05
0
2.745159e-05
1.7738557e-05
0
1.3832565e-05
0
0
0
0
3.145305e-05
2.6637761e-05
1.1018885e-05
4.3257332e-05
3.4576376e-05
1.059099e-05
0
4.21646e-05
3.0194857e-05
0
4.5840778e-05
0
0
5.513942e-05
5.4581774e-06
3.5113804e-05
0
0
0
8.981728e-06
3.928813e-05
0
1.759842e-05
2.6607584e-05
2.9943105e-05
2.7613954e-05
4.5337205e-05
2.9887686e-05
0
0
9.7836324e-05
0.49263608
2.485629e-05
0
4.2776795e-05
0
0
0
4.342755e-05
3.1017244e-05
0
0
0
0
5.0324204e-05
3.594849e-05
2.0037038e-05
0
2.9918745e-05
0
5.804997e-05
0
0
0
8.71749e-06
0
9.503249e-05
0
0
0
0
5.0217095e-05
7.137959e-05
2.7833696e-05
0
1.6795703e-09
0
8.507821e-05
0
0
2.193176e-06
0
0
0
4.8993916e-05
0
0
0
0
0
0
0
3.3834935e-05
5.672237e-05
9.299595e-05
9.916599e-05
6.0522084e-06
0
5.5494776e-05
3.0826002e-05
4.4995464e-05
0
5.2215415e-05
3.185544e-05
4.9602335e-05
9.1226175e-05
0
0
8.2654304e-05
0
0
0
3.4474506e-05
0
0
0
0
0
0
7.6642944e-05
3.8880655e-05
0
3.1009375e-05
2.8433576e-06
0
0
6.706255e-05
6.148023e-05
0
0
2.1668002e-05
0
2.2187916e-05
0
1.3206836e-05
0
5.413589e-05
3.7963004e-05
0
0
0
0
0
0
0
2.3213794e-05
1.4436293e-05
1.3195326e-05
3.8098824e-05
0
0
0
2.7200964e-05
0
2.5779682e-05
0
3.7161713e-05
0
0
0
0
3.3785993e-05
7.689938e-06
6.961135e-07
6.866502e-06
5.569822e-05
0
1.9679824e-08
0
5.926244e-06
7.420338e-06
3.071392e-05
9.2260725e-06
0
0
1.4115733e-05
0
7.779133e-06
0
0
5.9705468e-05
0
3.6810732e-05
0
0
0
5.8404134e-05
5.454885e-05
0.49777666
4.9867722e-05
0
0
2.8804146e-05
0.30135074
3.8540285e-05
3.6764388e-05
2.5430701e-05
3.937098e-05
0.30131808
5.6545945e-05
0
4.919311e-06
0
4.7957918e-05
0
0
0
0
0
3.649583e-05
0
3.1450116e-05
0.4947375
1.6676164e-05
3.5567962e-05
0
4.551252e-05
0
0.00010059055
0
0
0
3.528621e-05
0
2.630126e-06
0.33950335
0
3.7110094e-05
2.8683593e-05
6.989982e-05
0
6.022111e-05
0
3.463259e-05
0
0
5.535567e-05
0
0
3.3620112e-05
3.4978584e-05
1.9768122e-05
3.6385056e-05
3.345655e-05
0
5.0419527e-07
0
0
0
3.5480265e-05
0
0
0
2.1374624e-05
3.1030304e-05
0
0
4.5116303e-05
3.6700258e-05
0
1.5500073e-05
5.5291734e-05
7.926276e-06
0
0
2.0985672e-06
8.5529805e-09
0
3.9286657e-05
4.6661014e-05
0
3.6499398e-05
8.596941e-05
0
3.7440084e-05
0
0.49416924
0
0
0
1.2823863e-05
2.6513439e-05
2.2444652e-05
4.0548907e-06
0
0
3.2764216e-05
0
3.0357593e-05
0
5.4547476e-05
4.091346e-05
5.5956833e-05
8.619091e-05
0
5.9797712e-05
6.855424e-05
0
0
0
2.8141247e-05
0
2.9802055e-05
2.9547453e-05
5.741466e-05
0
0
2.9648903e-05
0
0
0
1.4212414e-05
4.435201e-06
0
0
9.309177e-07
5.6438723e-05
0
4.4207743e-05
0
4.6721754e-05
0
3.27668e-05
0
2.4905283e-05
0
0
0.00010321807
0
1.4972228e-06
0
0
0
0
6.258531e-05
0
3.1873806e-05
0
0
0
4.752982e-05
1.7168917e-05
3.4519508e-05
7.922641e-06
5.43645e-06
0
0
0
0
0
1.7941404e-05
4.1098334e-05
1.3695428e-06
4.9384953e-06
0
0
0
3.046885e-05
0
2.7893848e-05
4.5590245e-05
2.6900689e-05
0
2.7092396e-05
0
4.5006156e-05
5.066475e-05
8.979409e-05
3.752522e-05
0
0
3.880827e-05
3.499254e-05
0
4.9622453e-05
0
0
0
0
0
0
0
0
1.1489161e-05
0
3.594607e-05
1.667668e-05
0
0
0
0
0
0
4.141403e-05
2.6072561e-05
3.3916593e-05
7.6214233e-06
1.5298589e-05
0
1.8047282e-05
0
2.821516e-05
0
0
0
0
0
0
0
0
0
0
4.661825e-05
0
0
0
3.213711e-06
3.150556e-05
2.5450803e-05
3.865581e-05
1.829553e-05
0
0.496394
6.847324e-05
0
0
0
3.1009287e-05
0
0
4.370982e-05
0.49200118
3.7177088e-05
0
5.267472e-05
9.119299e-05
0
5.7403377e-05
6.2086714e-05
4.0808543e-05
4.8932456e-05
3.7593345e-05
5.8403515e-05
2.696102e-05
0
3.1412186e-05
0
0
5.300415e-05
3.6926795e-05
0
3.9438783e-05
3.4557313e-05
5.4929522e-05
2.3367946e-05
0.3108826
1.7914555e-06
0
6.2560975e-05
0
2.5140936e-05
3.032456e-05
2.8642122e-05
2.8002905e-05
0
0
0
3.099277e-05
9.078617e-05
0
0
4.5688044e-05
0
5.4594195e-05
0
0
0
2.931555e-05
0.4921132
0
0
0
4.569643e-05
4.9946408e-05
4.42616e-05
0
0.4924192
5.7474004e-05
4.6835088e-05
0
1.449086e-05
5.3448935e-06
0
0
0
3.1598967e-05
1.2601922e-05
0
5.6599572e-05
0
0
3.6090096e-05
0
0
3.1058935e-05
0
2.6094349e-05
0
8.338138e-06
0
1.2299024e-05
0
2.8494937e-06
0.49462715
1.12125945e-05
3.642289e-05
0
0.48777613
4.982718e-05
9.823752e-06
0
9.479518e-05
6.897102e-06
2.831357e-05
3.2759006e-05
0
0
0
0
0
3.5182915e-05
0
0
0
6.548369e-05
3.613101e-05
0
0
2.6347469e-05
3.986988e-06
4.7717265e-05
6.0249506e-05
4.03737e-05
2.1619635e-05
5.617156e-05
5.2737698e-05
1.5676236e-05
0
6.0324328e-05
3.634193e-07
7.6501245e-05
4.6443238e-05
0
0
0
0
1.11260115e-05
0.00011013254
5.4664022e-05
0
0
0
4.358856e-05
3.377968e-05
0
4.897191e-05
2.0183335e-05
0
1.3731351e-05
2.2729502e-05
0
2.8419217e-05
3.3677663e-06
8.020885e-06
2.1523805e-05
0
6.4784435e-06
0
6.327132e-06
3.955676e-05
0
0
0
1.9632022e-05
3.1329255e-05
0
0
0
0
0
2.7703134e-05
0
6.011372e-05
3.644458e-05
0
8.0433965e-06
0
1.7099766e-05
0
0
9.465344e-06
0
5.12853e-06
0
3.488195e-05
1.4838034e-05
0
0
0
0
3.0437115e-05
2.8587992e-05
3.6801724e-05
0
0
0
1.0568688e-05
4.0205687e-05
0
0
3.9357692e-05
5.3406395e-05
0
0
1.0259881e-05
0
0
0
1.9864156e-05
0
1.3048411e-06
2.9273184e-05
5.6073277e-05
0
3.2090724e-05
0
0
2.7567301e-05
0
0
4.6040106e-05
0
0
0
0
2.0995805e-05
0
0
2.8879876e-05
0
0
3.82947e-05
3.763722e-05
2.336718e-05
2.8302788e-05
2.2755396e-05
0
2.1597369e-05
0
0
5.306009e-06
0
2.0836473e-05
2.1893677e-05
0
7.3892816e-06
0
9.465052e-05
8.848446e-05
0
4.339042e-06
0.49308467
0
5.9942067e-05
0
0
6.0115643e-05
0
0
6.2082836e-05
6.7527685e-07
0
0
5.212913e-05
6.0164366e-05
8.666604e-05
0
0
0
3.285958e-05
0
0
2.4802765e-05
3.8346687e-05
0
0
2.5657255e-05
7.57037e-06
2.8649169e-05
4.6826615e-05
4.8270405e-05
0
0
4.8083268e-05
0
0
0
0
0
0
0
0
4.019762e-05
3.50663e-05
0
0
3.6069272e-05
0
0
0
0
0
0
0
0
1.0315857e-05
3.0917607e-05
3.920153e-05
2.2224549e-05
1.6583072e-05
0
1.8085224e-05
0
0
0
2.8550485e-05
0
2.6527582e-06
2.1500162e-05
3.5206733e-05
1.3859508e-06
7.65092e-06
1.925573e-06
3.739545e-05
0
0
0
3.252771e-05
0
0
0
0
0
2.7548236e-05
4.396815e-05
0
1.0111058e-05
4.405723e-06
4.528676e-05
0
0
2.964897e-05
0
8.767653e-06
0.49305928
0
0
2.6100137e-05
0
4.7327816e-05
0
1.839659e-05
0
3.4551973e-05
3.454641e-05
0
3.5659406e-05
0
2.6533431e-05
0
3.5099794e-05
3.1737254e-05
2.773694e-05
0
2.2280943e-05
4.263346e-05
5.540678e-05
0
0
0
3.1376e-05
0
0
4.4874243e-05
0
4.6489436e-05
3.0760377e-05
0
0
0
2.5678232e-06
0
0
0
2.670339e-05
1.6134294e-05
4.8317255e-05
0
0
0
0
0
5.123842e-05
0
5.6690104e-05
3.1433934e-05
0
5.395792e-06
4.6475492e-05
8.827824e-05
0
4.4297103e-05
0
4.662394e-05
0
4.9877366e-05
0
3.3989643e-05
8.674381e-05
0
0
2.0316073e-05
3.8511185e-05
4.7911846e-05
4.6180954e-05
0
0
2.8144868e-05
7.4313386e-05
0
0
0
0
0
0
0
0
7.4200216e-05
5.740708e-05
4.9983726e-05
0
0
3.5124172e-05
0
0
0
0
8.6537664e-05
0
5.759814e-05
9.655807e-06
2.4441153e-05
0
2.100169e-05
2.6593862e-05
5.9011567e-05
3.1233707e-05
5.6970035e-05
0
8.573884e-06
0
0
1.928961e-05
0
1.5673044e-05
2.8723682e-05
0
0
0
0
5.7176123e-05
3.064272e-05
0
5.8586666e-05
4.3539905e-05
5.8876103e-05
0
0
2.2794664e-05
0
2.7155127e-05
3.3556993e-05
0
2.214087e-05
0
1.6962381e-06
0
0.495849
7.1229892e-06
2.8049362e-05
0
0
0
0
7.484607e-05
1.7666007e-05
2.4208644e-05
0
0
5.9458987e-05
3.7865368e-05
3.6198864e-05
4.8112845e-05
3.0450177e-05
0
0
6.203668e-05
0
3.9893857e-05
1.9995441e-05
0
0
3.1849762e-05
0
0
3.2628563e-05
3.159431e-05
2.6450245e-05
0
7.6582666e-07
0
1.047305e-05
6.56719e-06
0
1.2213023e-05
9.827904e-06
0
0
2.9976436e-05
0
5.183633e-05
0
5.776396e-05
7.833918e-05
0
0
0
6.039819e-05
0
0.49230802
0
0
2.6472795e-05
3.5128738e-05
3.7333128e-05
0
0
5.712142e-05
2.4238252e-06
0
0
6.167493e-05
0
5.7497724e-05
0
0
6.327261e-05
0
0
0
0
0
8.739302e-05
3.294831e-05
0
0
0
0
1.6099433e-05
7.75508e-06
7.5706516e-06
0
0
9.191198e-05
5.928367e-05
4.089719e-05
0
5.002151e-05
1.5244721e-05
8.255846e-05
0
2.0152967e-05
0
0
0.49049452
5.9837963e-05
4.1045718e-05
6.5948014e-05
0
0
1.9803792e-05
4.1236446e-05
0
7.408111e-06
9.237344e-05
0
2.6135289e-05
0
0
5.7321424e-05
0
2.6832882e-05
5.511492e-05
5.9191352e-05
3.844284e-05
3.246314e-05
1.0364276e-05
2.8505825e-05
0
0
4.6188332e-05
0
3.0671625e-05
0
3.513388e-06
0
1.0394013e-05
0
3.6202135e-05
0
0
2.4111789e-05
3.9492814e-05
0.4931773
0
0
3.578891e-05
1.561686e-05
6.2934905e-06
0
0
0
1.0213102e-05
2.421979e-05
2.0660096e-05
5.944578e-05
3.810828e-05
0
0
0
3.723426e-05
0
0
4.1258143e-05
0
2.1582939e-05
0
3.6666897e-05
3.6669302e-05
9.0539825e-06
3.6529982e-05
0
0
3.691105e-05
1.5184882e-05
4.8639646e-05
0
0
3.565349e-06
3.2267599e-06
3.2482472e-05
2.3377748e-05
0
0
0
5.2659914e-05
0
0
3.7459336e-05
5.1398216e-05
4.2859232e-05
0
0
2.0000367e-05
0.49583277
0.49501494
2.1372429e-05
0
5.613584e-05
3.9954106e-05
0
4.8530797e-05
2.7487531e-05
0
2.88296e-05
0
0
3.206892e-05
0
0
2.7254604e-05
8.956476e-06
6.6799475e-05
0
0
0
2.0861837e-05
0
0
3.4143184e-05
0
0
0
3.1849137e-05
0
0
0
6.59924e-05
3.323786e-05
5.131204e-05
4.801142e-05
0
0
0
9.611797e-06
0
3.2447308e-05
1.950951e-05
3.0613406e-05
4.17083e-05
0
0
2.8365539e-05
4.5569697e-05
0
6.3924665e-05
0
4.6510304e-05
1.25864835e-05
5.1339084e-05
3.514007e-05
3.5303314e-05
2.8417726e-05
0
1.8962719e-06
7.57707e-05
4.7117795e-05
1.3256623e-05
5.093478e-05
0
1.6128738e-06
3.479189e-05
0
0
8.667306e-05
0
1.940581e-05
3.5869e-05
0
0.32938206
0
5.3344687e-05
0
0
0
5.870519e-05
6.5418615e-05
6.683047e-05
0
9.941625e-05
0.00016422308
0
7.73903e-05
6.926613e-05
0.00021632267
6.754617e-05
0
5.9481907e-05
0
5.4315547e-05
0
0
4.0577426e-05
0.00012700376
8.745736e-05
0
0
0
1.13930155e-05
4.7822346e-07
6.158189e-05
6.16741e-05
0
0
0
0
1.7869224e-05
0
0
0
2.920872e-05
3.763459e-05
3.2581913e-05
0
0.5001876
0
1.7383303e-05
0
0
3.0390162e-05
0
3.4620047e-05
0
4.8235834e-05
3.9055387e-05
0
0
0
0
0
3.5758567e-05
0.49710125
0
1.576803e-05
0
0
1.961326e-05
6.9677975e-05
0
2.2508128e-05
0
7.019071e-05
2.6766415e-05
0
0
1.1597273e-07
1.1668972e-06
3.3089113e-05
0
0
0
0
0
0
0.4972406
0
8.157102e-05
3.0187495e-05
0
0
0
4.579787e-05
0
3.0621763e-05
6.954857e-05
6.012275e-05
0
0
6.840881e-05
0
0
0
1.2224376e-05
0
3.112647e-05
3.297686e-05
0
3.3228338e-05
0
0
0
0
0
4.916198e-05
2.4375404e-05
1.0554776e-05
0
4.0460384e-07
0
0
0
0
0
0
0
4.4723914e-05
0
3.6131176e-05
0
3.0559247e-06
1.8821536e-05
3.6335434e-06
0
0
6.9045826e-05
0
1.1047829e-05
7.919924e-06
0
3.0544375e-05
3.365698e-05
3.1819687e-05
1.3193055e-06
2.9285746e-05
0
3.3980603e-05
4.551366e-05
5.4380384e-05
5.8434794e-05
4.172175e-05
4.896913e-05
0
5.9442566e-05
0
0
7.333611e-05
2.0166943e-05
3.0008721e-05
0
0
3.659133e-05
0
0
0
7.088718e-06
4.608783e-05
0
0
4.914884e-06
2.3414712e-05
0
0
1.3785593e-05
0
1.3414674e-06
4.7471956e-05
4.3457912e-05
7.367566e-05
0
5.5776836e-05
2.2439276e-06
0
1.787152e-05
0
4.9789192e-05
0
0
0
0
0
5.606267e-05
0
0
3.6344125e-05
0
3.292128e-05
5.0943167e-05
0
1.0954876e-05
8.929434e-06
0
3.6089034e-05
0
0
1.7887507e-05
0
0
1.3859261e-06
2.0815128e-06
0
0
0
2.8235769e-05
5.5542652e-05
5.8211663e-05
0
1.7720164e-05
0
0
3.0384923e-05
0
0
3.8078026e-05
0
2.8977467e-05
0
0
4.3768527e-05
4.8864767e-06
3.817647e-05
0
0
0
0
1.0322132e-05
0
0
0
0
1.1567925e-05
0
0
3.206268e-05
8.749509e-06
3.243678e-05
2.0345527e-05
3.1560245e-05
3.7648344e-05
0.50014096
0
0
0
0
0
0
3.436144e-05
1.7315897e-05
4.1055764e-06
0
1.7032495e-08
0
1.1545364e-06
3.0456204e-05
2.8965515e-05
1.1455242e-05
3.2781274e-05
0
0
0
0
6.572601e-05
0
0
6.33259e-05
0
4.885097e-05
0
0
0
0
0
6.812201e-05
6.799922e-05
5.142255e-05
0
4.6626446e-05
3.684324e-05
2.6395599e-05
4.766444e-06
3.4934677e-05
9.637244e-05
1.1394308e-05
1.8114449e-06
0
5.722026e-05
0
1.774331e-05
6.188482e-05
2.9322404e-05
0
0
3.8329003e-05
0.336678
0
0
2.7861333e-05
7.658065e-06
6.268477e-05
0
0
0
5.2399064e-05
0
1.5239493e-06
4.6588517e-07
5.5906152e-05
3.4615572e-05
5.546712e-05
2.5956308e-05
0
5.4276818e-05
1.8355917e-05
0
0
4.1341144e-05
5.722677e-05
0
4.6432142e-05
0
2.9509609e-05
0
0
3.108196e-05
0
0
0
6.216602e-05
2.3985902e-05
3.2486e-05
0
0
0
0
2.6789137e-05
0
2.0702198e-06
4.5541063e-05
0
5.956991e-05
0
0
0
2.1479673e-05
4.1238247e-05
0
8.9043046e-05
0
2.3308936e-05
3.6838235e-05
7.4153922e-06
3.8605915e-05
0
0
3.708209e-05
2.4472527e-05
0
2.9513907e-05
0
0
0
0
0
0
0
3.0448948e-05
0
2.3528706e-05
4.893097e-06
0
5.1198585e-05
4.5431298e-06
0
0
0
4.4223598e-05
2.731792e-06
3.6710096e-06
0
0
0
0
2.2421213e-05
6.012619e-05
0
0
3.9990195e-05
0
0
0
0
3.2160006e-05
2.9454417e-05
2.8850773e-05
0
0
0
0
1.2879077e-06
0
0
0
6.674214e-05
0
0
0.00012896156
0
4.5162902e-05
0
5.0430157e-05
0
2.9776409e-05
0
6.0483844e-06
6.7855385e-06
0
2.3260922e-05
4.8016148e-08
0
2.8532459e-05
0
0
5.027236e-05
0
7.685481e-05
0
5.315601e-05
6.6653934e-05
0
2.8013757e-05
2.7999458e-05
0
7.626222e-05
0
2.7826814e-05
1.2293563e-05
0
4.399156e-05
4.4226334e-05
1.9070369e-05
0
0
1.6457225e-05
4.2483574e-05
4.8285572e-05
0
4.2235282e-05
5.74783e-05
0
4.245618e-05
8.23201e-05
7.076992e-06
4.768797e-05
5.8895002e-05
6.121052e-05
0
0
5.2890435e-05
0.00013186748
6.560056e-05
3.8128106e-05
0.00011103525
0
6.830761e-05
2.0789757e-06
0
0
2.8356088e-05
2.4853352e-05
2.3757713e-05
0.49257293
6.3049636e-05
5.897735e-05
3.5047462e-05
6.332052e-05
0
3.0263382e-06
4.3215572e-05
3.5620415e-05
0
0
0
0
1.5357795e-05
3.160581e-05
0
4.116901e-05
4.989314e-06
0
0
4.2409527e-05
0
0
2.7751832e-05
4.722396e-05
0
0
4.180195e-06
0
4.242747e-05
0
3.61319e-05
3.6034406e-05
0
5.827462e-05
0
4.9218317e-05
0
4.2556036e-05
0
5.0849514e-05
5.3455118e-05
4.92915e-05
0
0
0
0
0
0
0
0
0
0
2.103045e-05
0
0
0
0
5.355013e-05
0
0
6.1686296e-05
3.6665486e-05
0
0
0
0
0
6.337177e-05
1.4121331e-05
1.3535329e-05
6.486003e-05
1.2440376e-05
2.7702534e-05
1.708322e-05
0
0.00010231807
1.9029349e-06
5.0910898e-05
4.7373655e-05
0
0
2.947126e-05
6.969218e-06
0
0
2.342184e-05
0
0
5.1340074e-05
0
0
5.5202145e-05
6.845432e-05
4.246719e-05
0
0
0
4.2483032e-05
5.3081363e-05
0
0
3.8015267e-05
0
0
6.9387494e-07
1.827309e-05
5.6805693e-05
0
0
0.49449712
5.913698e-05
5.7332418e-05
0
0
0
0
0
0
7.176482e-05
0
2.4144214e-05
0.49290293
5.59207e-05
0
3.900574e-05
4.918431e-05
0
0
0
6.0604325e-05
0
0
0
3.3067867e-05
0
0
1.808214e-05
9.096765e-06
3.7249098e-05
3.3748463e-05
5.468342e-05
4.6560497e-05
4.3367843e-05
1.9801591e-05
6.373218e-05
1.7517441e-05
0
0
0
0
5.132323e-06
4.8493575e-06
3.5350236e-05
0
0.49970832
0
3.1537747e-05
0
0
3.2712873e-05
5.7087025e-05
4.9365167e-06
1.002931e-06
9.308559e-05
0
0
5.0849798e-05
0
2.3892708e-06
0
0
3.158159e-05
0
0
0
0
0
0
4.1862324e-05
2.8183485e-05
0
0
0
4.670616e-05
0
1.0405729e-05
0
4.5799687e-05
5.1985437e-05
0.00011801636
0
0
5.0647694e-05
0
3.8161244e-05
8.630002e-06
0
0
1.5256117e-07
1.6098476e-05
0
0
0.2831857
0
2.7676622e-05
8.740899e-06
0
0
3.7829937e-05
1.608681e-05
3.078002e-05
0
0
0
5.598381e-06
0
0
0
0
5.3694594e-06
8.054261e-06
2.8607948e-05
0.49326822
0
4.2527223e-05
0
0
1.0372763e-05
2.9699528e-05
3.7033155e-05
0
0
0
0
0
5.1453986e-05
0
2.5687528e-05
1.7832928e-05
4.9156246e-05
0
0
1.7148606e-05
4.5129113e-05
0
3.4534212e-05
2.5366395e-05
0
2.3254563e-05
5.4069445e-05
0
0
0
0
3.2059106e-05
0.49559003
0
0
0
0
0
0
0
2.719379e-05
0
5.680685e-05
0
2.740543e-06
5.463369e-05
0
2.6453372e-05
3.441209e-05
0
4.070523e-05
0
0
4.5591652e-05
4.6835645e-05
2.6586524e-05
0
0
5.0243125e-05
0
0
2.7404818e-05
5.04384e-05
0.000100031466
0
0
9.58397e-05
1.0823026e-06
4.809934e-05
0.000100466765
0
9.92109e-05
0
2.8462578e-06
9.066914e-05
1.128435e-05
0.49396074
0
9.6344775e-05
8.857507e-05
9.92298e-05
0
2.8524604e-05
0
5.5549775e-05
2.5536796e-05
0
3.333424e-05
5.0243474e-05
0
0
0.00013078621
3.1294156e-05
0.4950663
6.292682e-05
0
7.374192e-05
0
6.1390616e-05
4.7935177e-05
0
0
0
1.9007193e-05
2.6947987e-06
3.6722344e-05
0
0
4.743147e-05
0
0
4.119877e-05
0
0
0
2.215219e-05
0
0
0
0
0
0
0
0
6.315544e-05
5.7616326e-05
0
0
4.5353765e-05
0
0
4.291807e-05
0
2.0625812e-05
0
5.148456e-05
3.840596e-05
0
1.5553576e-07
7.6251017e-06
3.5978342e-06
1.9224692e-05
0
0
4.145138e-05
0
0
3.6726648e-05
9.548267e-06
1.4209183e-05
0
4.0910498e-05
0
5.2502783e-05
4.5131914e-05
3.055532e-05
0
3.293751e-05
2.299863e-05
0
2.8535509e-05
4.417115e-05
0
0
0
0
4.470002e-05
4.5190496e-05
1.2878957e-05
1.634858e-05
2.0970441e-05
0
0
4.9815753e-05
2.238097e-05
4.552701e-05
2.7500455e-05
0
0
7.803779e-06
5.5723405e-05
3.2100488e-06
3.2506032e-05
2.3611145e-05
3.0877025e-05
0
0.49194515
3.3776205e-06
5.366741e-05
0
5.3256033e-05
0
0
5.726098e-05
7.8055644e-05
6.11438e-05
7.850926e-05
0
0
0
0
8.235304e-05
0
5.9647064e-05
0
5.1026927e-05
0
4.4047116e-05
3.358592e-05
0
0
0
0
0
2.0282652e-05
0
4.2923766e-05
0
0
0
7.0461206e-06
8.3769766e-05
5.8072004e-05
5.265791e-05
8.062594e-06
6.655829e-05
3.8400212e-05
3.140371e-05
5.8710633e-05
0
1.5850852e-05
6.540528e-05
3.193598e-05
2.7408361e-05
0
0
7.89815e-06
9.232576e-06
0
0
2.5093103e-05
0
0
0
8.057619e-06
0
5.745276e-05
0
1.1486649e-05
4.110956e-05
0
3.5531935e-05
3.2934237e-05
0
2.9881074e-05
0
0
3.2967586e-05
3.1244002e-05
0
0
0
3.7613056e-05
2.3464332e-05
4.8710608e-05
0
0
0
8.1508745e-07
0
0
5.219463e-05
0
0
0
4.5646997e-05
0
0
3.690816e-05
0
0
3.6668687e-05
0
3.7219463e-05
2.9849396e-05
3.962501e-05
1.1399437e-07
0
4.814167e-05
0
3.223933e-05
3.320454e-05
4.7187736e-05
3.2978292e-05
5.7411748e-05
0
0
5.1450657e-05
4.970649e-06
3.946719e-05
0
2.7139498e-05
0
2.7828975e-05
2.9724502e-05
0
0
5.7139994e-05
1.1636085e-05
0
3.777583e-07
6.2145904e-05
3.6004203e-05
0
0
5.6069315e-05
4.719691e-05
5.8049503e-05
0
0
0
3.079651e-05
0
4.3742482e-05
0
2.6378173e-05
0
0
0
4.9272734e-05
1.8512663e-05
0
2.3254881e-05
2.4114175e-05
0
0
0.4950814
1.7503653e-05
0
0
4.3988453e-05
5.156167e-05
0
0
3.761896e-05
0
0
0
5.3281838e-05
3.5624165e-05
0
3.360998e-05
3.6859314e-05
3.000382e-05
0
0
0
1.5477022e-05
0
0
0
2.3519739e-05
0
0
0
2.2482089e-05
0
0
0
2.2886961e-05
2.8275383e-05
4.4460692e-05
0
1.5478861e-05
0
4.4593333e-05
0
2.243838e-05
0
1.4063285e-05
0
2.2949762e-05
2.7010727e-05
2.125548e-05
2.457626e-05
0
0
5.5373665e-05
2.4505593e-05
0
5.0449653e-05
1.4433309e-05
1.9106908e-07
2.9985516e-05
0
0
3.0011228e-05
4.6257566e-05
0
0
6.593115e-05
0
0
0
3.3956399e-06
0
2.5186804e-05
3.3528704e-05
0
0
0
0
2.6807206e-06
3.3960823e-05
0
9.210574e-06
0
0
0
3.3049982e-05
0
0
3.945131e-05
0
0
2.8326956e-05
0
0
3.2291344e-05
0
6.246407e-05
0
4.3183754e-05
4.406573e-05
0
5.822676e-05
0
0
1.801521e-05
8.438661e-05
0
0
4.6133897e-05
6.828515e-05
0
0
0
0
0
0
0
0
0
0.4900657
4.59737e-05
0
0
1.950559e-05
7.218119e-06
8.943444e-06
2.8075687e-05
2.8602928e-05
0
6.208383e-05
2.643051e-05
5.247227e-05
0
3.589597e-05
0
0
3.0931817e-05
0
0
0
2.765058e-05
0
5.034705e-05
1.224743e-05
9.523778e-06
0
0
0
5.5356086e-06
2.8150433e-05
0
0
3.7233916e-05
0
3.4746707e-05
0
1.9527635e-05
0
0
0
1.5964131e-05
0
0
0
0
3.5781937e-05
0
2.9516532e-06
0
0
3.4745957e-05
3.872907e-05
0
0
0
3.8185994e-05
3.2526325e-05
1.9154184e-05
0
2.1539508e-05
0
3.1430868e-06
2.5919915e-05
1.2800532e-05
0
0
0
0.29098284
0.4934226
0
2.1077803e-05
0
1.3305708e-05
1.1829607e-05
3.155401e-05
0
0
0
5.222638e-05
0
5.7616926e-05
