4.242769536562264
1.504262045957148
3.297897221520543
1.945367630571127
9.34844703041017
4.388499770313501
11.705258842557669
2.5640974640846252
6.064630080014467
13.768622597679496
5.264378130435944
7.404925834387541
16.620863806456327
3.3699631690979004
8.234383765608072
18.937284525483847
4.154773820191622
9.102147914469242
20.719779387116432
4.286384455859661
10.023894615471363
27.413704376667738
11.31951267272234
14.179858349263668
30.772929597645998
12.223123040050268
16.163599230349064
35.374549098312855
7.678085908293724
19.859211154282093
40.36056639254093
8.200126849114895
21.629990734159946
46.87677562981844
17.418965935707092
21.93977827578783
49.950382970273495
10.636374868452549
23.46021704375744
54.7524374127388
20.14553313702345
25.077637396752834
57.81414056569338
22.822935976088047
25.909256026148796
64.8365216627717
24.918941646814346
31.878751158714294
70.63044990599155
27.089442551136017
35.06737098097801
69.22849182784557
14.161580309271812
33.69330058991909
79.53014643490314
30.707709476351738
39.26466424763203
83.75050230324268
16.82672370970249
40.07847101986408
94.09855952858925
19.488092854619026
41.93044386804104
96.33983793854713
19.873547330498695
45.546375930309296
95.36401484906673
19.792202591896057
46.882591128349304
107.40041384100914
22.675450712442398
49.889805525541306
118.0607108026743
23.891940623521805
55.50525414943695
112.1150187253952
42.66500100493431
55.33420203626156
122.24701623618603
24.84475962817669
54.9940460473299
125.9582928866148
46.31139685213566
58.535470485687256
133.19390319287777
49.52638182044029
64.3228168785572
136.75685465335846
28.802842140197754
61.72764900326729
144.3865981400013
54.731698989868164
64.96579712629318
152.5200718641281
33.53444340825081
68.24218839406967
157.7321121096611
33.28170186281204
67.07628935575485
149.0799703001976
28.849024534225464
76.22850835323334
148.25653913617134
32.30378386378288
80.25215157866478
168.2897134423256
32.432973742485046
77.88166710734367
156.16051855683327
31.39912486076355
80.20738187432289
179.03592896461487
64.83609926700592
74.59739884734154
163.83289352059364
32.191726356744766
80.84833592176437
159.75656232237816
33.12729638814926
77.41161227226257
181.510284781456
69.15865206718445
87.01707592606544
175.29703536629677
36.2210576236248
87.87770292162895
171.74903532862663
35.58439892530441
89.95375409722328
191.22946366667747
100.99137869477272
91.38337251543999
185.68026641011238
38.416048645973206
94.50540301203728
207.23049747943878
74.07772970199585
92.20170038938522
213.05575028061867
45.51790153980255
91.08763465285301
43.22205829620361
186.4664847254753
103.66372308135033
227.61085307598114
81.39544266462326
87.74925029277802
43.16344201564789
226.19348391890526
97.61830851435661
207.23111781477928
39.27375954389572
98.69093763828278
230.10010641813278
50.123059183359146
101.11692902445793
239.30371415615082
89.98368924856186
104.95839050412178
231.25943598151207
46.187138855457306
109.00254142284393
242.33699822425842
93.93790602684021
116.6434640288353
234.23250624537468
47.632078528404236
114.32588663697243
249.69109839200974
94.49765479564667
115.01320323348045
257.24677243828773
97.01186087727547
113.86419829726219
259.69682854413986
54.57012155652046
110.40438950061798
256.3991777896881
98.21615958213806
124.95155203342438
266.25298231840134
101.82821571826935
117.35762172937393
249.28978955745697
49.76726335287094
115.25881469249725
277.5359416604042
107.41687721014023
121.67739343643188
282.6601973772049
59.265906631946564
116.7280301451683
282.11607879400253
110.83978778123856
130.1059449315071
254.75593400001526
53.85535651445389
132.28131633996964
287.8148609995842
106.38493633270264
137.73177886009216
266.9171767234802
54.95376580953598
127.66723042726517
281.0224799513817
127.98939347267151
131.84496068954468
300.31276112794876
113.44297444820404
132.37995332479477
311.8519015312195
112.42462879419327
141.54166942834854
205.97956389188766
164.343687415123
132.14489513635635
310.54648500680923
116.16684037446976
146.98428124189377
322.2372097969055
67.342728972435
139.83942836523056
317.4476914405823
127.62811189889908
149.22729241847992
296.41374599933624
60.673253297805786
153.07694232463837
302.5228071808815
62.900701463222504
157.34366649389267
336.21515637636185
135.42043197155
151.18573570251465
339.98413890600204
137.53744757175446
147.19639658927917
330.00582814216614
68.52472031116486
166.54509061574936
353.3270901441574
130.44567555189133
167.41458958387375
362.14764273166656
79.69990718364716
166.871049284935
365.20497411489487
131.5905888080597
169.0631148815155
341.911563038826
67.13234627246857
171.7754557132721
384.07084715366364
140.40043556690216
159.09206241369247
385.0618309378624
79.95355021953583
180.17941558361053
391.2539535164833
86.30848985910416
172.44383203983307
359.29743605852127
74.28047925233841
192.18033772706985
405.3042186498642
149.60382896661758
182.483373939991
365.60587680339813
73.90026879310608
188.40918457508087
405.9466105103493
87.62508779764175
188.39891970157623
420.1054708957672
159.58858102560043
192.782477080822
393.7629514336586
81.89250987768173
191.95326501131058
417.19483482837677
157.87780505418777
177.8010596036911
388.1754845380783
82.9289943575859
172.62437963485718
383.11543476581573
78.78918385505676
205.34308171272278
416.0884665250778
152.34387189149857
196.6553871035576
429.60818219184875
164.9675213098526
192.19511306285858
383.0058968067169
79.86622965335846
179.84150302410126
408.7732138633728
87.07062530517578
186.66154956817627
371.4299233555794
75.21606403589249
182.99690413475037
378.6638939380646
80.00747346878052
183.7169429063797
403.0018243789673
156.2185017466545
176.24066478013992
383.3929451107979
79.82382214069366
184.20192742347717
385.8603607416153
77.78067874908447
187.89999163150787
410.3123250603676
88.41989904642105
179.65938818454742
414.3120365142822
89.82936179637909
188.33627927303314
386.14555168151855
78.21148782968521
175.30428612232208
371.76224130392075
82.07159954309464
178.3968404531479
374.2172763943672
75.28769332170486
169.7866061925888
381.3659120798111
81.65252125263214
185.36834067106247
300.1874303817749
190.97807693481445
130.08056563138962
69.81286960840225
75.80330926179886
154.89712631702423
69.07953041791916
248.19216763973236
173.8092513680458
362.09226006269455
70.3069828748703
171.57827776670456
349.874116063118
64.31914687156677
265.64439076185226
155.9635362625122
205.96493190526962
174.8354675769806
381.6349678039551
132.95469510555267
152.10794687271118
284.1568229198456
113.90304785966873
113.7764949798584
85.17778843641281
280.055644929409
167.61925727128983
263.0737906098366
149.83833974599838
371.9319040775299
283.7913382053375
144.89241576194763
162.34320133924484
371.73181146383286
71.54844450950623
181.6765746474266
487.29961591959
123.91778254508972
161.37915021181107
406.5728882551193
114.11164820194244
181.81268233060837
181.0852119922638
131.74893122911453
364.01000744104385
57.89776623249054
261.1693003773689
204.80502647161484
154.88270044326782
172.85215932130814
208.09390020370483
143.89220023155212
73.11690998077393
168.33642488718033
195.397232234478
104.56757378578186
166.31099700927734
635.1167343258858
104.77175915241241
186.33119529485703
661.0410199165344
81.15903079509735
197.7963469028473
275.64119732379913
367.14524191617966
195.92029303312302
166.21364170312881
71.10864454507828
207.5804512500763
153.5733687877655
445.88837242126465
183.77300316095352
156.77507972717285
453.0931285619736
414.5923413038254
239.39065039157867
81.05320644378662
200.68043637275696
175.87225425243378
98.52180725336075
157.04156535863876
178.11868351697922
162.4080529808998
150.22170662879944
88.00382310152054
98.87749499082565
115.3016836643219
115.82861071825027
251.55692756175995
173.7737592458725
93.79340201616287
432.08903312683105
169.72046291828156
234.6651133298874
114.06273192167282
114.43122273683548
115.31136256456375
268.9311627149582
196.79533731937408
83.85493916273117
585.2199521660805
193.47611743211746
625.320063829422
59.30418515205383
390.2741923928261
277.4177634716034
58.75464183092117
178.64225989580154
192.00780546665192
435.06210750341415
124.40780633687973
97.29975885152817
161.26079601049423
191.42798101902008
374.74593394994736
85.86504709720612
160.79595732688904
78.89896637201309
121.83327287435532
194.39852118492126
235.17255228757858
107.24681609869003
207.40696012973785
152.49764341115952
199.12979704141617
184.22472095489502
96.60936397314072
227.58749967813492
202.00542908906937
144.988516330719
146.50582325458527
165.51726001501083
68.39185756444931
214.332861661911
154.76346862316132
287.5780870318413
376.76887959241867
185.57576161623
324.0574880242348
127.82664120197296
174.7682718038559
993.4650663733482
117.69259411096573
178.8008616566658
90.6485710144043
618.4401897192001
169.82234454154968
633.4268727898598
116.73077470064163
137.83172971010208
74.18487977981567
374.9035211801529
111.20466643571854
213.45144444704056
111.99928992986679
125.70258784294128
306.34586733579636
81.30405324697495
168.81271129846573
260.5771374106407
241.4676959514618
173.16757827997208
181.4944972395897
103.75865888595581
200.0779431462288
124.0437364578247
134.8219301700592
154.11780261993408
84.66355085372925
361.5902870297432
166.26283133029938
265.31139701604843
511.7767089009285
209.0688991546631
214.37661212682724
366.92579305171967
179.51520496606827
226.0674256682396
107.69119733572006
199.27531850337982
136.54396855831146
118.35327911376953
172.4100062251091
581.7976227998734
393.15864342451096
167.16951769590378
77.16669183969498
337.5336089730263
175.79663825035095
242.36374473571777
271.44821125268936
157.90723890066147
258.3678494691849
87.70131027698517
172.87632822990417
615.2816236019135
205.58003276586533
242.89667576551437
526.7931128144264
150.66502606868744
179.75961261987686
154.11944568157196
321.43600022792816
157.17707800865173
63.714665949344635
238.2680892944336
121.18850213289261
298.0288991332054
397.8275945186615
163.61877977848053
597.8035956025124
83.82420378923416
188.27297067642212
123.1616495847702
159.50680446624756
162.5031231045723
272.57336258888245
144.61647182703018
171.6886219382286
274.27844190597534
160.62097865343094
179.89494252204895
130.17055982351303
143.08959805965424
193.432204246521
607.8893762230873
219.88680428266525
165.30529177188873
59.25568240880966
120.97353678941727
152.49040293693542
180.62335473299026
152.7363986968994
189.10955494642258
161.6986911892891
163.94133001565933
161.25592470169067
591.3869720101357
536.4260239601135
198.11003625392914
202.91529387235641
381.3240296840668
136.38779282569885
271.39256888628006
208.36739325523376
180.5146003961563
622.0920344591141
88.43096077442169
167.79396802186966
643.9226149320602
222.80715131759644
184.14206916093826
395.62982910871506
143.70338052511215
184.43430888652802
244.94045215845108
308.3184844851494
157.3513347506523
627.8822858333588
136.8328374028206
169.48701459169388
396.5177608728409
85.08980005979538
183.26636517047882
399.84024953842163
185.42630350589752
191.1927559375763
142.31955111026764
721.1674251556396
174.972665309906
392.62486654520035
82.79075074195862
172.08934652805328
731.708001434803
237.77018439769745
500.7315393090248
241.87313032150269
73.0487203001976
162.688502907753
616.5658339858055
107.51467216014862
125.20512914657593
75.65360540151596
307.10014122724533
172.81377130746841
627.8263790011406
58.56739383935928
139.89149022102356
271.19388872385025
252.3126146197319
197.45141279697418
117.8575804233551
404.9560714960098
171.84536170959473
281.0813945531845
72.44194889068604
164.83893233537674
75.93351310491562
352.3120126128197
179.21694326400757
70.74338841438293
228.76135540008545
366.9059780240059
245.51274704933167
62.6548410654068
393.79258555173874
503.4304895401001
173.03909128904343
158.51532888412476
184.78583645820618
99.07728749513626
120.87946367263794
94.58627766370773
494.4580674171448
159.97179383039474
59.17618548870087
252.02150917053223
152.07092505693436
587.4312664270401
444.34798634052277
162.05336779356003
385.2066649198532
104.47662597894669
172.06412321329117
236.83221542835236
361.5929039120674
169.91514825820923
202.1895870566368
438.7426697611809
157.7035283446312
257.4452944993973
59.24602544307709
147.01863127946854
65.63315790891647
79.24829000234604
185.93101984262466
441.2602280974388
118.37109327316284
136.122432410717
63.7683584690094
69.8014200925827
157.26464915275574
265.08951848745346
149.76479184627533
147.28208005428314
277.0280009508133
487.35259729623795
143.16447162628174
258.96971213817596
168.27711564302444
217.3932585120201
149.72629767656326
123.39368331432343
242.27164965867996
149.30546230077744
587.015994310379
150.47631293535233
283.89606684446335
422.0441473722458
172.06781882047653
636.7497894763947
156.31593811511993
179.32614982128143
618.3846990466118
233.5055496096611
170.9645957350731
250.0998533964157
161.00466233491898
165.72411614656448
154.62920731306076
143.27953308820724
179.52593785524368
192.67971670627594
251.92529171705246
139.94327771663666
79.20548206567764
755.8035903573036
154.3337584733963
177.88441532850266
174.14282941818237
190.98146259784698
530.0804494023323
97.95546227693558
184.47183549404144
304.24732208251953
442.10616052150726
183.64776593446732
95.80039912462234
609.2120977640152
177.4210559129715
97.91721975803375
227.47838824987411
200.90935266017914
935.64590883255
173.02899038791656
189.72042310237885
110.14100116491318
164.6678325533867
61.785368859767914
260.02055698633194
172.02539879083633
260.1369355916977
694.0609995126724
187.22361135482788
656.3593916296959
152.5077246427536
220.65722811222076
210.45879065990448
732.2998709082603
284.12198996543884
132.39439940452576
249.46329140663147
198.50210797786713
158.100547850132
65.89551150798798
188.11916309595108
637.6409720182419
105.72732728719711
194.36792981624603
322.10205179452896
765.8122062683105
181.34363615512848
391.2741521000862
86.06455183029175
403.96000158786774
595.5718361139297
423.6236552596092
218.51289576292038
224.08410733938217
203.91923981904984
187.77976101636887
265.4037082195282
570.9108023643494
194.89642268419266
633.6590686440468
405.03828078508377
154.16527211666107
309.8461779952049
86.01594638824463
191.2977957725525
292.06446355581284
181.00303435325623
125.76041841506958
330.61120438575745
78.99610018730164
182.1628133058548
67.64919823408127
244.50390619039536
183.88404804468155
277.12998682260513
136.18669283390045
164.20576345920563
433.35750526189804
176.77812379598618
195.89868730306625
392.60260277986526
82.53044319152832
187.07727879285812
381.71960002183914
75.6542112827301
197.23986393213272
240.2582620382309
67.61822658777237
164.40252327919006
74.6806128025055
233.49981462955475
284.19233191013336
148.29955458641052
91.79823261499405
193.04282212257385
258.64148342609406
208.6630054116249
177.74879497289658
195.1627680659294
171.1359405517578
200.34088909626007
518.8245776891708
86.91547280550003
180.72119826078415
132.52862644195557
66.83750891685486
162.23355746269226
154.04319685697556
160.97106271982193
197.8070969581604
251.06013870239258
60.48505973815918
179.99949878454208
161.90351736545563
152.66222274303436
161.00850224494934
647.4787487387657
284.0057213306427
156.54232478141785
63.69754362106323
190.4807295203209
163.81435722112656
275.4838884472847
376.4012499451637
194.2892023921013
434.81484800577164
124.68502628803253
203.01944231987
75.2284187078476
304.8201483488083
180.33069801330566
65.72127801179886
242.03142023086548
148.07512336969376
100.77657854557037
115.17547231912613
155.83093935251236
86.1351490020752
379.8496413230896
193.58459621667862
86.0248436331749
345.4309684038162
236.94316560029984
247.24321526288986
137.10177367925644
182.9545944929123
65.59592741727829
297.8702583909035
188.88957768678665
273.7318260073662
77.78704476356506
194.23221093416214
86.99505615234375
223.0501354932785
198.0753357410431
152.6965479850769
148.44719350337982
124.91610354185104
302.5786877274513
299.78031569719315
208.17739301919937
172.97260636091232
63.85685384273529
159.5379417538643
285.36664164066315
198.651276409626
157.14686107635498
198.22286188602448
478.0054680109024
213.76177352666855
163.07424873113632
177.23976457118988
162.24508392810822
190.00137519836426
615.3155735135078
179.53028225898743
380.54224544763565
76.0283995270729
161.97442597150803
65.48926216363907
241.3460317850113
173.18270635604858
1004.1670678257942
76.24637937545776
267.4838192462921
304.2966864705086
85.2361609339714
173.88800901174545
281.0521365404129
546.3731029629707
161.8520238995552
297.8176896572113
532.7333868145943
137.87794762849808
101.2827742099762
220.07515639066696
172.71385610103607
625.5764409899712
66.38830178976059
185.88002145290375
158.35299158096313
535.4834104180336
147.47950106859207
267.2643012404442
257.08077532052994
181.99460750818253
251.7532775402069
473.0244519710541
112.991171002388
313.92565327882767
171.1761558651924
165.89221489429474
398.17610943317413
449.4610268473625
183.42358034849167
361.6149712204933
100.03416728973389
184.81923562288284
749.0856162309647
58.49560385942459
165.75709795951843
74.1866146326065
250.61282348632812
169.3841832280159
62.34325957298279
489.46039456129074
139.9355527162552
286.5696730017662
198.85249322652817
179.3178636431694
402.8364878296852
149.54196220636368
179.85289061069489
407.30627340078354
148.27594244480133
175.58599346876144
385.43296402692795
85.94273519515991
170.74965834617615
416.48607236146927
86.4340672492981
173.2320061326027
355.6090896129608
79.0369400382042
179.776304602623
369.9815926551819
72.0614001750946
283.6182571053505
247.54446530342102
71.33931457996368
190.82218873500824
341.100970685482
82.06830662488937
178.54158127307892
212.01816773414612
221.97562390565872
159.0118602514267
263.37081867456436
290.0913864374161
397.5741231441498
257.35181909799576
444.4588232636452
398.06472885608673
134.58498919010162
70.45059043169022
164.25715762376785
64.78015303611755
78.55579787492752
190.01962327957153
540.5477424860001
119.83220291137695
174.79110485315323
391.2844015955925
69.91432446241379
185.52719908952713
604.4444451332092
266.88453352451324
176.02883803844452
228.39981734752655
405.8038766980171
160.92772310972214
259.2304454445839
81.91991090774536
145.60731446743011
87.961381316185
370.65819841623306
172.5384333729744
404.56533139944077
386.5339316725731
201.91360938549042
199.35585111379623
231.4414359331131
190.38691920042038
410.1238073706627
149.51752829551697
181.367416203022
418.1778226494789
86.53708469867706
188.8056771159172
520.6570461392403
406.5685431957245
170.84356862306595
327.8775750398636
237.3819056749344
191.96002233028412
381.1304298043251
81.03560274839401
171.78067767620087
372.11484467983246
79.71322685480118
187.62567400932312
408.18899816274643
153.48212188482285
182.970616877079
404.15380918979645
80.71906012296677
547.7421454191208
87.49622631072998
125.7113305926323
192.70088815689087
450.5351691842079
204.8711788058281
532.842017531395
86.7284209728241
137.11012667417526
144.57296985387802
80.6058498620987
269.39509612321854
290.4925488829613
289.51953560113907
84.87121856212616
180.99179637432098
420.9492401480675
172.86132645606995
193.02465826272964
425.9845259785652
85.59829765558243
403.1151188611984
1246.1119257211685
72.89789658784866
205.99702382087708
235.13840621709824
178.80594247579575
177.62082135677338
172.0262948870659
242.45235335826874
390.81748300790787
110.84359645843506
193.55849266052246
193.12545704841614
468.70824468135834
284.161250770092
181.53230941295624
124.80791330337524
251.60052925348282
175.23219764232635
408.4415634870529
134.384604036808
174.02688586711884
596.7419140934944
193.504887342453
171.51326817274094
655.6602991819382
64.99578326940536
197.29938715696335
403.4212855696678
85.56138944625854
185.52764785289764
388.09245800971985
70.25049829483032
165.62306547164917
258.9334116578102
253.583614051342
164.96800130605698
346.9334874153137
60.08404487371445
177.5680854320526
356.69449228048325
80.16646730899811
143.29206556081772
60.87568151950836
73.85406023263931
210.2545263171196
226.12799167633057
121.8211938738823
556.4458979964256
162.72027426958084
117.67240864038467
159.97141081094742
279.4308406114578
146.29026144742966
368.1136340498924
297.6852444410324
65.66696012020111
308.0784868001938
139.09231090545654
253.26692688465118
158.582834482193
81.72755748033524
243.18547141551971
180.06088024377823
633.9346005320549
118.63699460029602
127.34855282306671
280.0923781991005
209.71147656440735
208.2209056019783
573.4524743556976
60.72374576330185
204.74396347999573
238.4117695093155
66.20593822002411
203.30566596984863
169.58116853237152
167.41864210367203
188.93893194198608
1012.4725844860077
133.87097364664078
216.93505960702896
145.9276961684227
373.97416692972183
198.40404498577118
245.28592491149902
208.1026896238327
194.53926634788513
205.810653090477
84.51780772209167
179.56990629434586
193.60367262363434
68.55415016412735
153.19128042459488
283.97344547510147
217.07173544168472
159.67934215068817
77.0472823381424
407.48726284503937
152.62221902608871
68.44527065753937
280.472130715847
191.66278392076492
189.3393074274063
64.21753424406052
208.1554673910141
172.67866379022598
63.93949633836746
177.19922965765
198.36863124370575
725.6950599551201
160.37035608291626
154.75496977567673
160.1344409584999
190.3254867196083
144.0479422211647
213.53034234046936
183.93068033456802
399.09002190828323
286.00731498003006
192.6431212425232
185.48962569236755
154.65665662288666
202.6522753238678
146.9214780330658
123.02671712636948
193.648328602314
269.53584945201874
73.1107828617096
315.0056313276291
145.08925431966782
297.6896272301674
167.8621262907982
63.6574792265892
290.9081466794014
184.42424404621124
768.8513405323029
279.82584565877914
163.15569984912872
302.94050377607346
251.95816427469254
348.638119161129
202.14748126268387
232.5613650083542
204.71420323848724
144.21568709611893
110.62612134218216
218.99540722370148
169.64160615205765
197.41295993328094
152.49250465631485
303.91993486881256
487.58476746082306
200.09287321567535
239.87537223100662
77.90347301959991
107.17977875471115
147.6101078391075
341.0330296754837
194.38895058631897
437.9588411450386
161.23970210552216
181.41100120544434
433.8850979208946
160.43477803468704
187.83421802520752
654.8622236251831
236.7758954167366
436.2118983268738
322.2300670146942
338.65943294763565
298.13727259635925
199.6208979487419
91.99029088020325
184.94052708148956
404.27469342947006
85.09289222955704
174.30203586816788
189.64513558149338
256.642754137516
179.7666653394699
84.82632052898407
580.738967359066
181.68384897708893
423.6285955309868
151.41358542442322
192.99178659915924
378.4023762345314
81.494748711586
199.75542044639587
422.74667435884476
89.95311099290848
199.0512626171112
157.51368671655655
66.32089793682098
126.6765541434288
118.0210030078888
268.6965824365616
197.8762667775154
423.3293241262436
253.07904368638992
155.54317235946655
90.30968433618546
259.3874664902687
195.5669521689415
227.48071438074112
86.20065724849701
150.8688291311264
62.87070298194885
64.44685417413712
174.2911313176155
496.43761628866196
69.84630960226059
180.80660337209702
72.04084080457687
244.2371779680252
160.2943703532219
268.8190869092941
62.41856241226196
188.70058053731918
237.96707850694656
88.75562959909439
391.05171847343445
178.16954177618027
207.45656591653824
193.05804860591888
277.45624047517776
525.8551580309868
435.5921243429184
519.8129095435143
481.68373000621796
173.99750304222107
261.47869873046875
1155.3381365537643
186.26402497291565
1093.3138498067856
77.60645520687103
487.7862692475319
904.1367990970612
24.536923050880432
168.17014741897583
875.1923440098763
131.9203506708145
189.44419580698013
153.17408388853073
153.49386823177338
168.71760469675064
381.7257316708565
74.3864569067955
179.85784131288528
81.86724305152893
233.91493940353394
161.6903738975525
281.73667347431183
225.49705839157104
116.78503662347794
64.01033741235733
69.18830120563507
168.2249974012375
248.18509542942047
81.04230266809464
172.85661852359772
69.6032697558403
360.1527991294861
167.32372015714645
246.17075991630554
172.98051649332047
155.60143208503723
356.7614989876747
86.87647819519043
288.12873739004135
168.06541895866394
255.8899825811386
193.41092240810394
111.97569525241852
502.37878197431564
210.05801850557327
166.71187603473663
82.53366512060165
144.25875091552734
258.224208176136
58.07010769844055
161.79480409622192
261.40924578905106
145.29116678237915
164.339495241642
257.62456303834915
148.10174357891083
191.01214557886124
524.0711294412613
272.6854041814804
169.8803654909134
376.69908463954926
567.4202851653099
202.52074891328812
345.45939326286316
81.39971071481705
175.81076776981354
348.2947828769684
72.85081022977829
194.1705681681633
372.2696604728699
114.5079038143158
207.34931141138077
385.0350336432457
86.16990607976913
172.9891220331192
354.9602082371712
68.55300909280777
160.21099948883057
167.60231310129166
248.33321732282639
170.23281437158585
414.96066802740097
202.30525463819504
175.0933354496956
371.1065782904625
110.85865479707718
192.07859027385712
404.7335932254791
160.0151824951172
166.5286704301834
388.9107442498207
139.1551843881607
174.94911915063858
394.9747482538223
83.85751104354858
186.55400973558426
400.09100157022476
190.7825866341591
178.47189110517502
478.33219707012177
78.33676636219025
186.13700133562088
346.10251665115356
212.47020053863525
176.8346620798111
395.5856908559799
148.61562705039978
189.79455995559692
368.5638476014137
73.07678377628326
170.28762477636337
378.2591868042946
186.51362526416779
169.4698833823204
408.96216624975204
163.5787924528122
178.9140864610672
378.85799568891525
169.9930304288864
183.1194703578949
388.1073530316353
78.93144530057907
175.12526565790176
420.06693482398987
230.48453748226166
167.08043777942657
75.74770736694336
218.04825723171234
172.88511937856674
481.38120967149734
55.26165437698364
157.63322168588638
246.92823940515518
171.83916074037552
120.8182612657547
93.18893146514893
396.8921848535538
154.271526157856
76.3144098520279
332.77955067157745
174.04669725894928
334.9359232187271
75.66148328781128
186.40830260515213
367.06197541952133
249.3103972673416
232.87037998437881
244.65676575899124
111.8979964852333
484.1786525249481
68.68789821863174
189.7989183664322
182.31746351718903
363.4683291912079
78.67297303676605
175.0282371044159
236.44992005825043
266.2257861495018
230.48522555828094
204.41067171096802
442.50091314315796
168.2712539434433
337.3687747120857
65.09120047092438
200.35571867227554
407.8635715842247
177.71578747034073
177.88130605220795
258.8288885354996
72.4398906826973
161.49445176124573
254.08085811138153
61.01293325424194
99.82395714521408
292.8985374569893
273.2403082847595
177.09456658363342
342.07970130443573
78.01546323299408
374.06763154268265
352.95784240961075
124.6171522140503
210.79281324148178
420.2053869366646
160.4084900021553
145.53291845321655
98.15260946750641
220.94828140735626
231.5055826306343
105.98682481050491
450.07151263952255
164.5329788327217
64.24871265888214
115.6456909775734
174.19581669569016
145.6899857521057
271.67426693439484
145.6803680062294
59.448224902153015
471.07535952329636
364.0322217941284
74.21363371610641
93.81774145364761
171.54190319776535
271.83994525671005
191.48812890052795
420.47340738773346
110.93638527393341
626.2884558439255
210.88729959726334
314.0572965145111
751.1173971295357
186.2877613902092
148.0742747783661
188.1029630303383
178.61288928985596
610.0408692955971
114.82321017980576
163.0317000746727
212.4417604804039
97.01023787260056
150.1441159248352
78.43041378259659
723.9231994748116
150.25566858053207
165.4709489941597
372.9643989801407
178.45606166124344
600.5991085767746
104.43279772996902
174.91737002134323
266.7545956373215
320.1355486512184
151.24564492702484
169.09875577688217
154.66233831644058
155.73466736078262
260.02807438373566
274.96418607234955
170.88534659147263
172.8004937171936
171.09379905462265
200.19549602270126
318.7847952246666
310.7748649716377
290.99963200092316
483.60015720129013
163.17224329710007
184.96004527807236
227.30912452936172
154.13888520002365
151.65640020370483
263.5456957221031
67.34732186794281
144.29863512516022
287.19529032707214
533.9698307514191
185.65976405143738
661.474390745163
251.8811889886856
197.34445464611053
397.3494098186493
655.2711663246155
166.41183084249496
65.66706722974777
258.7374794483185
197.14048689603806
146.46683633327484
129.22717708349228
114.86070364713669
112.31003785133362
255.2756667137146
147.36126720905304
300.92046469449997
385.81330221891403
163.4784010052681
282.77827870845795
508.7119411826134
179.17177617549896
88.0644280910492
460.2688506245613
237.9700813293457
204.76275998353958
197.64272332191467
173.2553914785385
370.64861649274826
70.19421535730362
166.19389986991882
189.9155996441841
177.1920709013939
406.9057799577713
275.1259180903435
76.7024160027504
169.64182674884796
374.3680229187012
78.01190263032913
184.23280012607574
421.12199568748474
59.492051005363464
167.91374570131302
631.328854739666
84.18351250886917
715.9583004713058
129.16273838281631
149.4798166155815
151.74856597185135
76.5022525191307
462.5079356431961
723.4359413385391
323.02386927604675
87.63158601522446
184.35446900129318
402.82320868968964
84.89959907531738
193.30205488204956
255.83560025691986
243.5893833041191
156.6919173002243
281.01473277807236
175.84190279245377
138.4814491868019
109.60703492164612
246.16891902685165
187.94165706634521
237.15981096029282
113.96406400203705
186.77578324079514
262.64777702093124
213.04139018058777
197.8495171070099
164.4389037489891
241.77294236421585
186.30393928289413
617.9767695069313
495.20030587911606
175.1321502327919
267.09283047914505
400.6418214440346
170.59661161899567
414.90031111240387
113.70173627138138
410.903627038002
291.0650941133499
105.37987416982651
193.40342557430267
423.60802787542343
154.7132437825203
146.72210675477982
301.3936964869499
225.79853105545044
199.47840285301208
172.0447702407837
192.54549074172974
209.26970756053925
178.52752274274826
181.70314353704453
193.4035993218422
283.69608175754547
549.678090929985
218.45582580566406
239.40636938810349
550.7209613919258
445.8901897072792
181.0081706047058
196.5164231657982
198.2233830690384
284.4976649880409
91.55627769231796
207.41644328832626
280.5665740966797
492.84285020828247
164.21290773153305
310.2407451272011
438.3370057940483
190.2510665655136
687.9424163103104
155.32614123821259
442.3838049173355
328.6037446856499
227.66829240322113
202.5832170844078
99.64088314771652
643.1375085115433
167.74953305721283
303.24442529678345
97.08199417591095
177.43541103601456
671.1942086815834
267.4573031067848
181.02552938461304
304.6857631802559
178.11549937725067
489.1376254558563
344.1111453175545
101.11902517080307
174.0497828722
74.35923033952713
247.66667610406876
213.0615662932396
211.69896405935287
329.2565583586693
196.19890815019608
89.29062628746033
247.54792153835297
150.41013687849045
67.78578740358353
556.1739346385002
217.13295888900757
415.10817205905914
133.79146152734756
172.7021661400795
70.68528831005096
290.95501881837845
535.3521102070808
91.48925930261612
260.8386625647545
165.15864247083664
80.58874303102493
390.7790635228157
175.30441027879715
271.53573060035706
426.7521114349365
157.27455776929855
287.8899518251419
224.90459203720093
631.6985827088356
57.27239793539047
410.70816135406494
188.07386845350266
400.63497018814087
198.93247294425964
397.88605922460556
200.25214171409607
93.62522822618484
184.5446994304657
137.31835913658142
171.70240396261215
202.29319763183594
424.55949807167053
187.3896285891533
190.67071682214737
382.59779834747314
86.14158719778061
180.27704203128815
270.2598372101784
154.27103233337402
183.79998254776
274.2916126847267
146.97947776317596
202.55083054304123
258.33356738090515
150.28721022605896
114.21720868349075
127.66399598121643
502.52378046512604
192.1263908147812
127.39474886655807
540.2321269512177
202.0125430226326
242.3044176697731
246.88850611448288
187.9517216682434
355.03841865062714
541.9459590911865
193.23168021440506
411.4324297308922
85.51674675941467
193.05699467658997
379.32858538627625
85.49561262130737
160.04142880439758
121.73372495174408
366.23352950811386
230.62089449167252
174.84930753707886
233.58913415670395
180.73465532064438
415.4146712422371
152.4785007238388
388.70276814699173
237.13493710756302
119.00747090578079
160.14170902967453
75.2456476688385
148.32250273227692
799.8741045594215
615.1673969626427
119.08200544118881
171.02628487348557
272.57188737392426
294.0630712509155
184.43470227718353
248.98361641168594
282.23246240615845
178.20398157835007
169.30736899375916
145.51211160421371
205.83752113580704
389.41911256313324
75.94896775484085
190.68511003255844
686.5745721459389
526.1806675195694
233.70225489139557
378.83327329158783
179.72897100448608
179.39245110750198
281.6626430749893
171.9251161813736
176.16212052106857
284.6819816827774
87.59984469413757
150.50856798887253
75.6105243563652
287.0108993649483
544.3184440732002
194.11927837133408
69.36399704217911
185.2986626625061
274.73636120557785
302.85845297574997
224.17244458198547
348.38305401802063
121.73705267906189
207.79132080078125
532.653727889061
202.51377606391907
182.27906674146652
398.15804529190063
147.98038470745087
270.37893092632294
204.5152862071991
288.63926047086716
148.41099679470062
71.94590926170349
228.53989332914352
197.63163405656815
74.59008955955505
243.33533829450607
149.78879296779633
89.82582503557205
714.5299746394157
512.1893323659897
191.73343747854233
162.74416810274124
176.53126031160355
73.55599159002304
188.93110758066177
381.8266894221306
406.4034703373909
176.30685603618622
170.04191982746124
646.1324425339699
160.39650547504425
194.22225213050842
172.5979307293892
61.83327263593674
406.61306673288345
180.48186022043228
552.3599100708961
192.1698892712593
360.6197429895401
84.31487327814102
187.66066199541092
258.2065007686615
160.2156246304512
222.24657368659973
215.61357128620148
96.07893145084381
151.11048829555511
88.16135513782501
379.75194358825684
181.41719365119934
368.3594753742218
220.69725507497787
171.3481828570366
82.09731775522232
394.96315985918045
179.75777822732925
264.77416014671326
120.72726559638977
148.29430830478668
274.44028800725937
74.49900358915329
173.8916251063347
259.30401360988617
164.44132167100906
171.7562289237976
271.88034611940384
415.57752561569214
188.30523681640625
374.2149575948715
397.41989755630493
175.6824716925621
430.40861934423447
403.22462671995163
184.0895745754242
155.58186745643616
100.13682013750076
184.53327655792236
162.5076231956482
150.5180665254593
170.57748800516129
599.86837464571
109.98497140407562
166.51701831817627
445.0945062637329
257.7295551896095
173.63445764780045
639.2816293239594
155.96575117111206
177.897554397583
592.4454764723778
171.1607803106308
144.08873212337494
69.1093099117279
308.7763071656227
131.67706501483917
72.22014933824539
270.4688241481781
176.82590222358704
126.63750582933426
112.9589112997055
383.51127004623413
82.21156746149063
133.58521139621735
155.2492799758911
85.87219381332397
290.4027028083801
199.84387463331223
166.28475320339203
381.7138140797615
153.8911263346672
863.1742207407951
108.5004163980484
283.04412442445755
114.39540416002274
195.38291543722153
184.6343696117401
993.9722682833672
104.33384031057358
185.5605382323265
72.69605910778046
193.67970955371857
189.1940260529518
251.13010573387146
166.1349042057991
165.79182082414627
83.22737038135529
144.69563871622086
183.5400848388672
147.3537362217903
61.53828400373459
201.42388474941254
420.32508730888367
142.88165068626404
179.74834847450256
274.70481276512146
153.33054035902023
189.3092863559723
79.03621327877045
223.03944540023804
177.16531974077225
288.3128720521927
191.19731205701828
197.92934799194336
149.30785083770752
100.59196549654007
210.51991659402847
141.61573457717896
59.99226039648056
143.96636217832565
291.67882573604584
77.83615732192993
185.36571902036667
155.91729682683945
222.26392674446106
187.26776963472366
169.05300098657608
189.06262582540512
200.1492676138878
410.0280986428261
151.26306056976318
177.64808213710785
405.68953835964203
186.88302558660507
193.52528458833694
402.63056045770645
351.08592689037323
142.3699887394905
198.00100481510162
136.86159443855286
166.75624817609787
63.21054869890213
605.2561975121498
152.17947208881378
293.04773223400116
352.62276297807693
182.27178817987442
185.0972667336464
437.12471026182175
190.13103860616684
191.95962512493134
128.2124172449112
175.19340980052948
109.17079019546509
556.2020832896233
176.9281599521637
268.73527669906616
183.33125692605972
180.03383141756058
167.38037109375
301.5666165947914
414.6914724111557
195.6652346253395
606.1760148406029
754.7048951387405
453.30489695072174
194.3682962656021
293.06401509046555
324.89644026756287
185.73523235321045
425.039074242115
91.4202595949173
325.0428057909012
147.8351714015007
543.2275869250298
151.59843921661377
210.58966183662415
162.45861876010895
198.4269222021103
260.5035633444786
276.527295589447
177.0524541735649
287.88127636909485
77.38787531852722
170.98848247528076
274.1308318376541
431.36473470926285
199.7671554684639
76.04837346076965
131.40643948316574
192.97402036190033
688.5986763238907
99.25855648517609
428.89054679870605
127.31179577112198
342.324726164341
179.30257487297058
96.9865511059761
101.43064075708389
461.27721643447876
70.39861708879471
137.09435814619064
183.15664678812027
546.5206213593483
277.03729778528214
198.59540671110153
178.6318011879921
131.71873438358307
211.61222660541534
108.64283049106598
94.68407928943634
178.61543250083923
301.66054832935333
381.129440844059
163.53959077596664
266.6348711848259
64.44339907169342
155.2148042321205
65.89157903194427
644.890737593174
179.18160569667816
279.0819501876831
141.54862797260284
160.33973598480225
503.20228099823
122.13420468568802
188.88726979494095
507.7756929397583
131.32865738868713
150.23254615068436
82.82150888442993
274.5419251322746
184.98717004060745
260.9785256385803
59.20351481437683
165.64431381225586
530.0526462197304
253.01912957429886
159.63206499814987
69.3941684961319
75.64097452163696
160.820010304451
624.1495517492294
424.34382152557373
151.29196280241013
569.4995936155319
208.2087725996971
157.66980201005936
609.1872074604034
223.61008495092392
151.5876898765564
283.80992501974106
195.91897010803223
285.7790114879608
453.80814909935
112.16491204500198
192.69407176971436
235.14994370937347
302.9386553764343
171.01566356420517
627.8162081837654
70.11371797323227
153.07504403591156
275.976023375988
61.57192116975784
181.89130812883377
87.57452189922333
584.814678311348
621.2023395895958
262.49590760469437
122.37245064973831
199.52173382043839
153.14228570461273
218.62991470098495
181.0672109723091
627.1673665642738
319.3343952894211
174.4934844970703
598.2747477889061
456.0400742292404
206.28678631782532
145.58582669496536
182.70718842744827
180.69356453418732
777.3987233042717
192.87426322698593
176.21071821451187
410.5357705950737
81.8497850894928
188.38530665636063
218.88103419542313
568.5600346326828
209.41094940900803
161.91843271255493
126.1641394495964
172.8681555390358
191.95017170906067
120.72317975759506
183.44912987947464
191.8804139494896
142.03495526313782
162.36399203538895
63.73017942905426
82.41601359844208
174.31619548797607
275.6457371711731
278.71298307180405
190.19823271036148
77.68294602632523
137.48993277549744
173.51136499643326
624.0986617207527
112.34644168615341
200.89528095722198
167.41124498844147
228.02857786417007
497.95080679655075
316.0824738740921
454.0853583216667
191.51792168617249
131.6451940536499
63.10577613115311
188.06486904621124
268.8514149785042
265.6726996898651
187.7887783050537
408.2206293940544
84.54952210187912
184.40905916690826
190.04350239038467
184.82260477542877
167.16948688030243
296.04417914152145
398.94647723436356
313.60129475593567
91.31245642900467
581.9199906587601
280.55209320783615
182.6813479065895
246.49645018577576
185.0691353082657
71.1340960264206
241.89702481031418
177.41251730918884
534.5144498944283
278.88120144605637
175.57002294063568
319.92727530002594
139.43726152181625
283.5873699784279
150.30583703517914
65.86636453866959
164.93116587400436
294.5605070590973
230.07146126031876
184.10096752643585
81.17017477750778
359.5341138243675
194.24309396743774
353.4670193195343
110.09921914339066
177.06121045351028
246.03051382303238
281.429480612278
205.44801038503647
195.42755544185638
80.22227424383163
191.323810338974
96.00447261333466
666.8376153111458
168.95069867372513
247.19714903831482
212.57708072662354
186.35451072454453
370.954766869545
117.12424790859222
195.59820741415024
238.0502708554268
161.52103292942047
196.9053184390068
124.03798586130142
507.55192017555237
170.61681163311005
629.4373706579208
157.27085024118423
171.30393606424332
642.5137605667114
218.19321554899216
166.5343262553215
613.7111966013908
101.44873768091202
161.14864945411682
585.8996112942696
99.1024997830391
181.86939334869385
255.00625199079514
178.75025010108948
166.59697663784027
515.6580187082291
178.5817044377327
175.4536498785019
359.38910388946533
114.69130873680115
184.43886238336563
262.2801769375801
90.83676606416702
200.15738248825073
666.6131212711334
200.5861747264862
379.01407873630524
304.38498628139496
466.52674132585526
180.57559996843338
134.15041488409042
280.8146126270294
176.82645332813263
400.74781250953674
83.349001288414
180.50984209775925
254.38498479127884
390.32386207580566
160.6869455575943
176.04920136928558
188.4178151488304
180.8233304619789
604.0657479166985
545.9722492098808
202.16391968727112
358.4188494682312
281.5264212489128
193.8275585770607
248.4506870508194
89.65694808959961
172.4273328781128
648.007076561451
167.28898179531097
188.01425737142563
195.1426706314087
108.28697246313095
170.83877283334732
95.7928136587143
571.8286374211311
155.5598515868187
283.01838195323944
175.20451098680496
184.9652459025383
418.7000865340233
154.90486043691635
178.47053748369217
269.1562955379486
353.70443522930145
187.37390887737274
277.4943354129791
222.4730179309845
227.84094846248627
175.5651267170906
70.60878723859787
169.7124047279358
304.3483060002327
230.71897208690643
218.8964826464653
405.5048001408577
255.54278737306595
202.1755787730217
158.72864270210266
1191.776999950409
192.87650507688522
170.95098108053207
458.5814593434334
192.97938531637192
406.4365290403366
78.49364936351776
186.7633181810379
87.71835345029831
257.5524911880493
169.1699776649475
72.18027001619339
662.9443063735962
179.17242485284805
283.21967738866806
81.95339983701706
214.4070593714714
393.345154106617
350.4544251561165
195.05963569879532
284.0221680998802
69.3860934972763
207.27588349580765
405.2896926999092
73.60682183504105
162.4932279586792
318.5557816028595
77.04753667116165
423.986176609993
559.1131991744041
78.5844139456749
206.54951417446136
108.14011615514755
104.35761171579361
200.3510759472847
97.10348057746887
647.5059545040131
465.91031593084335
252.9017179608345
118.84458190202713
177.20471596717834
69.44302833080292
275.2524122595787
227.35582411289215
173.50222969055176
266.51108342409134
205.69608867168427
273.7204537987709
544.466516494751
207.7698734998703
190.69105792045593
215.30418127775192
184.0705361366272
657.7319441437721
179.52951669692993
165.56500953435898
260.9950330257416
92.6262132525444
215.1664895415306
519.128525853157
302.4280669093132
125.99829214811325
133.8833242058754
284.7800483107567
164.6376491189003
297.91681015491486
87.87147223949432
294.11907011270523
196.1193192601204
69.14023786783218
613.2877817153931
65.1612132191658
79.32965469360352
158.7992171049118
186.2362659573555
441.24001705646515
408.5104422569275
296.3809729218483
170.60508954524994
203.05001431703568
437.0108860731125
162.7677943110466
209.65113008022308
441.28341072797775
91.56267434358597
173.98167341947556
208.7555879354477
750.9285032749176
171.06550478935242
169.8907691836357
199.65986394882202
179.67251509428024
259.5891178846359
338.14000791311264
393.34473741054535
60.59789979457855
159.90779733657837
182.02882546186447
304.31604808568954
397.3558152318001
161.23463422060013
72.51903969049454
86.19344592094421
198.94267082214355
395.28961473703384
79.46466165781021
253.00996673107147
375.5106716156006
163.95564955472946
204.10705763101578
382.0652909874916
78.70912081003189
203.47648012638092
531.0657647848129
123.99546474218369
183.95065665245056
76.23121684789658
236.97719830274582
186.56967651844025
72.88137471675873
153.89441215991974
183.37170940637589
650.3583316802979
66.76797246932983
173.64127039909363
228.10015964508057
153.80395311117172
170.93306255340576
309.20974510908127
446.64469784498215
380.99403578042984
492.1947395801544
151.286002099514
215.11309587955475
109.87355518341064
405.65680277347565
187.23374664783478
638.3906343579292
434.2930409312248
131.69017434120178
62.60308140516281
121.09318053722382
156.9430325627327
71.27185446023941
86.03717362880707
229.4605346918106
364.2752897143364
165.06276392936707
242.75392997264862
219.920654296875
201.5074320435524
195.3976126909256
331.69405847787857
240.63932728767395
203.79348492622375
191.09138244390488
535.1673905849457
195.2035955786705
277.23354440927505
184.3397372364998
184.2806823849678
78.9824652671814
498.7039957046509
192.58149582147598
815.3915268778801
201.03590947389603
177.2099501490593
290.76585191488266
482.39660197496414
201.76200979948044
278.60946172475815
78.03140014410019
220.8188560605049
88.88395822048187
707.5842609405518
179.61711233854294
69.39614540338516
277.8153682947159
194.4688749909401
266.65402030944824
393.3320127129555
167.15625590085983
279.5783852338791
98.352534532547
361.3927176594734
226.1807473897934
566.1110371947289
186.3758909702301
290.04500114917755
404.02747678756714
203.7871286869049
238.0302050113678
85.47335284948349
154.91407316923141
60.972795248031616
260.02519577741623
162.52248126268387
205.73036468029022
103.41703099012375
177.07990163564682
386.5660163164139
84.12282556295395
178.5172334909439
377.3648172020912
75.11317950487137
176.1261090040207
267.3533573150635
108.78219336271286
192.16310518980026
371.5015664100647
74.43485754728317
173.9927777647972
239.90590971708298
61.042248606681824
134.58414667844772
294.3232947587967
267.0238130092621
130.29072964191437
91.55882406234741
241.55552572011948
175.37003004550934
67.02978271245956
567.3279807567596
172.968710064888
78.32801884412766
206.61629474163055
190.30481833219528
517.3495814800262
266.8234364390373
176.9575697183609
359.51563161611557
60.17590421438217
325.8121347427368
210.25390136241913
364.07343804836273
403.2805772423744
546.6033454537392
81.93726068735123
198.91478943824768
134.87503051757812
486.1342406272888
193.8045426607132
154.74925565719604
160.16527956724167
184.75001096725464
189.1431685090065
134.09233951568604
184.05498486757278
149.77895188331604
474.8290535211563
148.67017871141434
130.62046241760254
181.2477610707283
171.43140655755997
68.09712535142899
140.78859329223633
161.96685302257538
730.9282383322716
430.4770574569702
196.36333620548248
1040.2477519512177
159.33022677898407
191.28604793548584
180.49100828170776
147.85283917188644
169.78436082601547
666.0627536177635
161.55247777700424
171.09398418664932
1069.0365669727325
595.8045207858086
174.08992624282837
97.4467568397522
593.4856754541397
187.19324803352356
233.52872896194458
104.44619727134705
492.35131698846817
204.66840893030167
218.20262944698334
209.94450533390045
538.9726795554161
100.5362976193428
176.01256448030472
77.21282351016998
261.09758991003036
177.00712084770203
85.5988290309906
427.43084239959717
191.3278591632843
390.2047956585884
83.29714661836624
164.37609094381332
269.4682592153549
85.37478941679001
168.85156053304672
244.88992244005203
542.5468981862068
171.28497105836868
633.5100343227386
227.74317997694016
174.86259281635284
281.60106122493744
213.38007324934006
187.47677791118622
201.54006969928741
518.7492477297783
175.81732189655304
74.85861855745316
209.19951003789902
171.24188041687012
91.25013929605484
604.6602831482887
192.7677537202835
260.4951722621918
169.70654094219208
219.32022768259048
224.2818128466606
171.85083454847336
184.49864184856415
351.0385390520096
78.10455161333084
160.7365021109581
81.00053757429123
737.414827644825
202.28406310081482
263.03299152851105
145.69849491119385
186.58228886127472
92.91152119636536
217.75984472036362
192.59876322746277
872.2158196568489
193.54702591896057
171.3216351866722
616.0452378988266
390.20596808195114
236.69864809513092
287.83518236875534
117.81181490421295
197.91790574789047
134.19912981987
147.16983073949814
247.39309149980545
221.9511046409607
362.3871980905533
192.8938973546028
150.4597426056862
291.03183621168137
196.1941198706627
204.18966507911682
96.65993624925613
183.09186613559723
269.07472789287567
440.63741540908813
182.7065948843956
271.24966156482697
122.83896464109421
222.0370420217514
474.8823975920677
326.70068311691284
198.8315787911415
178.0317205786705
140.37675017118454
208.540769636631
647.8660241365433
58.7759365439415
182.79519283771515
182.68183594942093
98.73002940416336
126.52517127990723
311.92909121513367
76.87860208749771
198.55358815193176
261.47286742925644
1045.4346447587013
204.331849694252
233.63787281513214
273.96109437942505
170.32942080497742
392.4509167075157
804.6242102384567
182.46449702978134
192.71108144521713
200.005804002285
174.45016640424728
80.44056844711304
250.83236169815063
154.03275990486145
270.99712204933167
287.74489146471024
198.7924861907959
167.3012170791626
154.1419370174408
193.3165943622589
160.49360609054565
144.02751106023788
173.7910873889923
665.9505863189697
75.83361357450485
212.92415285110474
267.43192064762115
430.38825184106827
254.5113651752472
690.7150546312332
198.37505173683167
152.04357933998108
102.35346800088882
436.1174253821373
431.9586097598076
171.52164536714554
767.7986363172531
220.16970878839493
560.9635152220726
638.28624355793
156.03345799446106
75.53982412815094
400.6860475540161
181.76998686790466
280.51516515016556
195.64710634946823
183.12459766864777
411.8198480606079
325.92786610126495
159.47029131650925
77.76736408472061
790.1911553740501
190.0358099937439
505.51479935646057
419.11046397686005
191.3384389281273
273.60648649930954
137.66907984018326
439.6098001599312
147.70027202367783
68.34228253364563
168.53316128253937
282.48853290081024
515.1217667460442
195.3090215921402
140.50220119953156
270.20226150751114
135.32094717025757
191.9948854446411
182.5917223095894
196.18062740564346
386.2270438671112
634.0728511214256
175.02679097652435
274.67198872566223
412.87089043855667
207.69723683595657
294.8247237801552
107.51407998800278
371.60955357551575
58.82733130455017
59.5757942199707
185.60649555921555
235.66354191303253
73.80216956138611
112.26661735773087
133.69571143388748
235.58888214826584
167.63792753219604
89.00498795509338
609.7497539520264
140.28406238555908
63.738950192928314
74.47377103567123
184.27134138345718
177.20860028266907
213.61674040555954
163.85495382547379
79.57815599441528
226.75567078590393
423.0893477797508
127.03029489517212
77.83105742931366
402.2677183151245
146.37639647722244
84.18648356199265
136.36366266012192
62.95023429393768
275.35771918296814
177.3617273569107
517.8274408578873
71.21314710378647
195.47670871019363
337.0724415779114
321.922432243824
188.42497324943542
336.84020006656647
102.41617965698242
228.70976614952087
253.87574523687363
248.93213272094727
448.7927146553993
296.9381577372551
463.9359247684479
187.04094982147217
187.22488725185394
114.66964507102966
177.95707297325134
176.00644928216934
424.0642360448837
204.83259695768356
242.19715464115143
303.776231110096
201.28916347026825
665.1757825016975
241.40476536750793
182.49453365802765
731.069340467453
66.38718068599701
190.45706009864807
502.93517285585403
438.8145068883896
183.75956988334656
644.4547074437141
104.33326947689056
237.66443330049515
119.93524181842804
229.280448615551
186.87684005498886
181.84894466400146
145.24480986595154
195.7970126271248
379.1161490082741
85.52302581071854
397.02924793958664
362.78768837451935
162.08670461177826
190.5649752020836
156.41091632843018
131.81512874364853
171.8910282254219
295.0013146996498
540.517574429512
446.79521214962006
62.3642994761467
347.40490835905075
240.28713583946228
264.88640731573105
262.2794485092163
178.95380866527557
290.7698746919632
156.84040087461472
177.12645971775055
898.6599510908127
347.1317889094353
176.23359394073486
642.8061766624451
502.9786787033081
192.3791065812111
695.5610206127167
64.26815807819366
198.33561557531357
420.64158046245575
154.5469178557396
210.4132788181305
166.3891151547432
195.42351680994034
188.6154164671898
94.45562607049942
751.1179741621017
113.47734838724136
141.47029823064804
810.0237021446228
238.26863753795624
259.51901549100876
86.58435899019241
189.77808701992035
273.7853131890297
92.12209022045135
184.87261855602264
294.2908352613449
169.73330527544022
171.17607313394547
285.40812158584595
446.24080514907837
164.36066222190857
189.31211560964584
177.7908660173416
180.2327756881714
67.90910220146179
256.57038766145706
773.3720980882645
59.51606488227844
46.42516928911209
174.8541757464409
65.33448129892349
305.16431695222855
203.7052824497223
364.63616383075714
163.5740732550621
184.2754963040352
402.36768221855164
70.76579117774963
185.0422050356865
280.275433242321
165.82015824317932
176.84859031438828
284.24648892879486
75.99629724025726
175.24554097652435
278.2987523674965
292.2575966119766
188.44246226549149
65.32480782270432
254.1388759613037
216.10735547542572
644.9213458895683
59.97826451063156
176.21014016866684
62.777806997299194
172.91491717100143
174.41984909772873
283.10109359025955
391.02726674079895
196.25294822454453
669.698159635067
258.53266060352325
143.04052209854126
278.1482471227646
69.40950757265091
204.1518582701683
167.48134714365005
73.49745243787766
190.7233093380928
81.86930882930756
580.8726670742035
190.71305406093597
94.4336484670639
603.3806507587433
175.53213918209076
96.17281544208527
464.673919737339
208.4609695672989
285.8875340819359
90.17995434999466
182.9154975414276
78.95067256689072
109.04079866409302
125.35703414678574
93.85772675275803
238.53797882795334
254.39341807365417
285.1920790076256
177.56470149755478
166.66257166862488
71.21506261825562
127.33356148004532
139.39428514242172
64.39839798212051
280.4104400277138
179.868856549263
292.92192113399506
73.68416500091553
166.4458590745926
266.6528190970421
68.93707591295242
172.74107766151428
337.1838893890381
116.69724130630493
167.30038857460022
248.55011117458344
301.61332273483276
154.5574213862419
171.251318693161
136.77133291959763
189.77175503969193
133.13451355695724
171.82559299468994
192.02509778738022
118.19207632541656
173.27111679315567
164.34061640501022
282.24554789066315
63.890088737010956
172.3336901664734
240.71167129278183
71.09242224693298
183.86396872997284
391.5533192753792
220.71396631002426
178.59722644090652
72.81490689516068
221.09058141708374
118.71662962436676
210.35207492113113
147.0617470741272
195.0488303899765
234.31907653808594
147.06798321008682
175.2003790140152
184.8174346089363
193.6170744895935
197.5639780163765
177.0056784749031
64.10306990146637
172.91163575649261
261.5064887404442
221.187351167202
170.7585147023201
63.710716009140015
682.4625690579414
209.18400651216507
223.72230863571167
141.93411821126938
168.3312418460846
383.0049018859863
849.7683243155479
388.24888026714325
63.621385633945465
535.9276469945908
174.7772827744484
322.6273874640465
114.70486760139465
234.27284342050552
300.6185636520386
71.4414222240448
186.83550959825516
239.06130236387253
880.6010276675224
465.4324125647545
588.5960986614227
56.648760974407196
150.81805437803268
89.42641019821167
372.53929924964905
177.80970150232315
401.288945376873
152.8103582262993
194.05849850177765
775.3459910154343
66.31330162286758
130.1555741429329
282.8874687552452
113.7356441617012
160.89407062530518
72.77178531885147
288.65315693616867
191.89622277021408
412.20741480588913
153.13063716888428
182.08065503835678
375.29174119234085
74.97802209854126
176.99096536636353
239.20117890834808
61.683840453624725
214.20751559734344
377.8872458934784
163.0421645641327
184.94514042139053
407.98233753442764
165.49283242225647
175.82222890853882
223.1136844754219
86.74041056632996
200.53045862913132
276.79572945833206
150.3758001923561
181.34550380706787
381.55973041057587
75.5687353014946
185.66412502527237
83.93420898914337
834.7833603620529
171.88384932279587
175.2016407251358
171.79677146673203
174.1959729194641
70.16185462474823
276.11129397153854
179.4986937046051
170.4036528468132
182.61390906572342
212.2613788843155
134.72132450342178
241.40974980592728
188.1356766819954
265.92468655109406
60.855293810367584
165.9148895740509
177.04327750205994
154.14587306976318
182.6385931968689
163.81728672981262
88.87847167253494
198.54458886384964
169.49011099338531
236.37130850553513
189.0461164712906
694.7259855270386
60.00092434883118
178.35200601816177
75.72058862447739
360.8902799487114
176.73372918367386
73.85493475198746
491.0945693254471
173.9803581237793
270.64248901605606
88.92459970712662
173.45686769485474
195.67227518558502
515.9573900699615
188.1524407863617
665.1979218125343
68.9195265173912
159.1693855524063
61.762172162532806
66.54851347208023
177.17764621973038
82.77190154790878
498.9073343873024
169.73740285634995
682.3434876799583
146.4357448220253
212.09797072410583
76.50755733251572
123.4667597413063
168.10188895463943
296.72702556848526
507.9181898832321
203.32377833127975
140.6366752386093
66.9376871585846
183.12805116176605
66.80264395475388
260.6028616428375
173.91467690467834
442.4254829287529
106.2432433962822
279.99349880218506
192.08897227048874
394.6148517727852
206.08366113901138
126.59887027740479
521.4258832335472
183.66664159297943
150.19506818056107
66.51849418878555
434.41857784986496
625.0062466859818
50.35509091615677
198.24940085411072
569.2449174523354
51.798588514328
413.1070269346237
65.71343451738358
84.0773817896843
116.97711408138275
81.8343660235405
74.30755692720413
202.65397208929062
429.59510040283203
116.3787596821785
200.9564368724823
260.7862583398819
414.889004945755
192.94516342878342
79.17323452234268
199.46113294363022
153.6817283630371
80.76492726802826
392.783820271492
126.99168622493744
120.20028549432755
282.52563309669495
189.0609285235405
382.0549578666687
276.56067276000977
190.6324023604393
358.54028284549713
76.60448861122131
183.10323649644852
407.07619619369507
87.85078543424606
194.5721042752266
155.36338579654694
134.9460598230362
182.98975521326065
631.1090081334114
58.27740204334259
145.94631439447403
714.1992119550705
121.50907319784164
177.9511559009552
455.7589119672775
266.89987736940384
191.20736825466156
418.0356623530388
153.2288402915001
192.13787925243378
410.47356420755386
87.2504414319992
189.14174830913544
253.64230555295944
90.18712782859802
178.68932563066483
66.82842630147934
275.1144288778305
947.05186855793
235.40389746427536
191.29812210798264
354.97875505685806
322.1335909962654
158.75734215974808
64.88048076629639
248.39735406637192
362.050294816494
187.29595804214478
75.96334308385849
173.56459349393845
393.8523139357567
77.20618909597397
198.90796422958374
411.30867010354996
85.18828421831131
182.55126357078552
421.35961109399796
169.62677824497223
189.05679601430893
360.4046797156334
85.75445342063904
167.3826733827591
78.30399179458618
267.447747528553
150.3476523756981
78.339608669281
181.77751833200455
171.8020092844963
175.65492647886276
137.97251015901566
196.77141857147217
228.66482043266296
81.79985505342484
176.98211908340454
242.42144697904587
111.02672392129898
124.6329818367958
104.49234062433243
238.5619198679924
208.80464029312134
161.8464481830597
66.94476193189621
190.18187564611435
84.93796628713608
616.6013975143433
169.50281220674515
94.86049747467041
598.4530143141747
157.10876315832138
638.7607738375664
235.19784116744995
169.83013904094696
138.19598013162613
185.83628123998642
197.03295248746872
169.33630841970444
188.70749080181122
195.99976456165314
186.61392259597778
186.07829171419144
182.55255961418152
510.9412280321121
65.28039383888245
186.57275635004044
251.2694645524025
675.1771593689919
202.43143141269684
118.80837917327881
107.69248223304749
147.42250686883926
77.52609491348267
79.64422845840454
195.84840720891953
378.9312651157379
70.47603315114975
201.75015461444855
157.0766054391861
250.1864049434662
216.18978041410446
197.397502720356
79.62218767404556
169.25975757837296
67.8935250043869
257.3236555457115
191.03043514490128
357.14209443330765
424.84683841466904
249.4697373509407
731.743854701519
316.4080974459648
176.4898087978363
287.3215413093567
87.74541115760803
167.58796989917755
282.99562126398087
84.81233388185501
169.17425256967545
76.12729126214981
283.7635733485222
165.72096973657608
176.73747485876083
138.43638157844543
173.18347239494324
641.4216369986534
717.4865702390671
188.1409901380539
347.17784583568573
68.02206975221634
203.36215275526047
375.76930975914
77.56025338172913
177.57873153686523
461.5653158426285
328.93013310432434
167.22995430231094
525.074032664299
361.6469848752022
175.97606390714645
388.5689987540245
68.62793558835983
179.34244072437286
73.62205296754837
228.03598362207413
174.0183013677597
266.60031139850616
161.49334263801575
211.1643564105034
508.5100567936897
357.80998331308365
179.13266849517822
281.9178811311722
478.6993480324745
106.5007786154747
136.97613924741745
725.9713535308838
163.05784052610397
356.8920283317566
72.91933017969131
163.51814579963684
178.69864213466644
65.17811644077301
171.73712199926376
177.7917251586914
176.951265335083
130.14339339733124
307.3539723753929
76.71112084388733
185.53616607189178
396.2665020227432
127.76720356941223
153.26982939243317
151.24903440475464
380.00974732637405
93.03486323356628
230.60883742570877
129.9273857474327
150.3886911869049
265.42996513843536
196.58457899093628
165.54340374469757
86.97316592931747
306.5398908853531
171.35448694229126
65.7824644446373
275.13367825746536
190.6769888997078
232.16491186618805
506.17591720819473
134.12720888853073
302.4590602517128
460.8106350302696
194.69987493753433
242.67516142129898
183.5735860466957
173.41263961791992
219.8371565937996
71.05112212896347
190.8220174908638
76.74600404500961
201.51070404052734
163.15099692344666
148.897844851017
394.95517402887344
299.39963138103485
85.74761110544205
86.53679984807968
112.3631963133812
434.3149529695511
136.55569744110107
172.78543710708618
335.42798697948456
79.00676864385605
173.41901803016663
76.3644500374794
217.55708628892899
168.23915016651154
253.8647499680519
61.630063235759735
154.99224841594696
90.6500483751297
199.17064762115479
190.38630425930023
612.6161447763443
238.05977946519852
215.79019725322723
213.7039111852646
264.6394028663635
180.0421078801155
154.81170761585236
448.757047355175
130.2165848016739
256.18444287776947
83.15210574865341
78.59801697731018
124.99908137321472
247.20764380693436
149.5038924217224
159.95125931501389
350.2830402851105
192.69299793243408
712.9775539040565
393.78832191228867
161.39200639724731
298.034785091877
399.09860348701477
168.38177835941315
712.6296483278275
252.89774000644684
171.02186810970306
163.46749871969223
641.8481134772301
111.62681460380554
115.28715014457703
240.13519883155823
180.45946550369263
152.59791618585587
127.78162902593613
187.0334797501564
80.92086297273636
392.67321503162384
148.7548897266388
85.92793208360672
579.2715269327164
157.81463813781738
272.43483209609985
148.84489053487778
179.50066167116165
363.38395500183105
254.03538566827774
167.8647414445877
77.44555824995041
251.2619245648384
148.07437652349472
73.28455317020416
271.6867380142212
168.07537549734116
291.49572920799255
123.27635508775711
177.22212213277817
130.85107678174973
60.781355142593384
181.489908516407
399.0366318821907
158.46179139614105
894.6773537993431
585.9221464395523
31.099355936050415
183.8721925020218
723.2809650301933
381.71200317144394
162.72179448604584
620.6210541725159
388.35888838768005
169.42003160715103
88.74814599752426
446.1343142390251
183.1494791507721
193.80701076984406
131.20872098207474
179.88669556379318
742.662603855133
249.89082139730453
175.21156066656113
375.3251792192459
142.12073040008545
181.07417583465576
292.5291793346405
514.7905074954033
172.5703945159912
160.23078227043152
150.57935416698456
173.96680718660355
271.3177318572998
201.4626700282097
196.0535590648651
244.35436195135117
142.1841493844986
184.76869481801987
194.83814013004303
141.47745591402054
178.160500228405
385.8592640757561
303.02861535549164
186.14571917057037
362.9240611195564
102.72531521320343
185.4002946615219
265.6151523590088
266.02243876457214
136.52394503355026
173.76254165172577
143.14085859060287
199.25005251169205
239.61910063028336
101.0777633190155
164.89115244150162
637.8820925951004
63.35872048139572
170.48267316818237
262.4759987592697
60.89432072639465
211.39663302898407
553.9619184136391
174.389608502388
181.0581095814705
442.94547152519226
62.461088597774506
171.06916677951813
193.3958072066307
109.38054996728897
169.58643853664398
664.0559739470482
96.57389235496521
187.27755093574524
201.72079569101334
70.93712830543518
153.38534528017044
340.7437863945961
504.037765622139
192.6077317595482
384.4854938983917
76.62666863203049
158.7564815878868
435.7978897690773
178.24338281154633
191.08556580543518
100.80119675397873
205.84705460071564
181.76346522569656
152.35981130599976
168.70785856246948
262.4763773679733
194.68713247776031
164.12251603603363
190.69790089130402
413.8670193552971
172.5816678404808
439.4714866280556
584.4542404413223
25.479025721549988
157.8938924074173
78.78773951530457
486.532997071743
188.2335284948349
155.44271159172058
221.62505161762238
165.4423342347145
298.15661227703094
307.85699504613876
166.4083599448204
687.0685251355171
97.59648787975311
209.18978172540665
245.7199934720993
512.9706763625145
181.61781245470047
339.61209028959274
127.31061351299286
412.4983248114586
490.6866688132286
127.23691868782043
169.22662460803986
278.9388932585716
697.3456261754036
153.13811320066452
195.47748166322708
183.4117928147316
216.0118070244789
172.30807650089264
140.953977227211
226.7344622015953
183.0845530629158
80.97984516620636
146.98175024986267
115.22746509313583
502.44172233343124
175.66083109378815
192.0441853404045
146.0462373495102
195.26528465747833
157.5615640282631
147.34007900953293
162.5839548110962
68.59382098913193
258.2887868285179
190.39062130451202
89.64363211393356
252.9246428012848
259.2395493388176
102.7391927242279
169.30244916677475
195.31789314746857
258.776087641716
74.28268468379974
284.19296884536743
164.41799408197403
278.16259175539017
287.0959197282791
132.79902124404907
207.734925031662
190.36880069971085
374.91400027275085
82.29957520961761
202.70909374952316
89.51760816574097
295.58426612615585
192.90928834676743
282.1422093510628
360.64128017425537
299.18663680553436
138.17237788438797
73.7406837940216
684.3173063397408
159.18530279397964
84.84142768383026
187.75143325328827
383.33781284093857
81.99288976192474
591.0182794332504
130.16302329301834
216.25940108299255
144.26205372810364
74.4279854297638
74.98535937070847
207.36282712221146
372.88685393333435
109.93683642148972
180.33890116214752
427.9147126674652
88.81336742639542
194.47633373737335
782.950446665287
270.2320708036423
165.4679028391838
292.9802957177162
292.45600497722626
430.668104827404
71.68896633386612
203.1716195344925
127.22362148761749
94.76261359453201
80.6903321146965
175.70562314987183
347.1678667664528
81.13074761629105
126.74257516860962
330.3919200897217
195.8726670742035
438.87647676467896
366.2354270219803
80.04867166280746
429.4087061882019
306.8522363305092
560.8825137615204
192.46008974313736
386.16988039016724
83.60513705015182
195.55446618795395
133.96960854530334
181.97351092100143
185.53306114673615
216.01377254724503
105.29986476898193
180.495445728302
387.0606654882431
79.38869506120682
198.51463067531586
227.8686431646347
126.23935347795486
390.5947087407112
83.95227944850922
576.4729350209236
554.3340436220169
61.42022454738617
148.2260393500328
229.30736976861954
362.86476361751556
86.66278678178787
171.95679706335068
431.76661735773087
115.63314282894135
414.87480705976486
287.3767732977867
155.9584417939186
169.86010229587555
88.417205452919
882.1084538698196
198.7306553721428
383.9639048576355
431.2036467194557
204.16738229990005
640.8013553619385
170.52514451742172
187.4035249352455
340.28375017642975
90.55151271820068
99.937351167202
121.57585442066193
309.7542896270752
195.13804185390472
273.5957295894623
379.4508947134018
180.2559187412262
85.22823452949524
264.4337350130081
190.60926753282547
179.9077165722847
65.37832820415497
211.7677747607231
163.86561810970306
193.9264081120491
176.58093458414078
469.8432521224022
207.7730901837349
193.74420201778412
662.8464512228966
85.77448755502701
176.7487730383873
683.6684366464615
164.3860411643982
172.21362805366516
683.752992451191
197.35183852910995
180.50570285320282
207.1081663966179
203.0432556271553
135.54320538043976
335.9248363375664
357.92529636621475
176.86084949970245
102.47621029615402
130.10905408859253
188.67610543966293
724.6445608735085
114.04103028774261
190.40872275829315
713.7844640016556
247.2065162062645
185.46772074699402
688.4616334438324
582.5044639706612
207.05210888385773
427.6042603254318
100.3408454656601
266.28442615270615
99.08280456066132
234.91816824674606
184.92515820264816
465.6202632188797
169.98873233795166
138.23932379484177
112.02581042051315
99.98163223266602
234.05642986297607
251.80836737155914
118.6929549574852
469.7220029234886
85.68453073501587
259.84478944540024
194.24956768751144
470.4078258275986
249.59747850894928
217.48654299974442
468.29350876808167
199.5733442902565
211.27416479587555
418.6906722187996
90.53534066677094
191.22026699781418
78.0799263715744
258.0103479027748
218.89738941192627
239.41417461633682
106.72425121068954
183.28646337985992
636.7230099439621
156.40087640285492
214.78700214624405
268.7416512966156
326.1032475233078
295.93765538930893
252.618317425251
107.16999810934067
438.4255784749985
207.0348653793335
940.1087223291397
165.94914263486862
188.28155452013016
197.375432908535
214.47807788848877
413.886323094368
141.61020398139954
559.9929176568985
165.51689702272415
141.8242660164833
176.60637241601944
637.5460293292999
312.9689395427704
176.76858949661255
67.99868631362915
283.7688838839531
160.47289371490479
315.1264197230339
440.8253173828125
188.22972452640533
183.0199436545372
163.33227568864822
284.50968611240387
193.41203755140305
528.6773125529289
170.1345192193985
690.2446230649948
84.35530388355255
191.8390611410141
108.22746235132217
86.68723952770233
165.77457338571548
266.84820038080215
237.8706864118576
183.77831238508224
266.31421315670013
172.25074845552444
197.86058908700943
275.8130874633789
76.08143544197083
435.57461327314377
88.49745219945908
627.364724457264
181.2898381948471
87.73523378372192
247.68735426664352
118.44292545318604
103.96325355768204
259.0483646392822
164.450792491436
221.33891242742538
149.97199660539627
188.38290083408356
408.1862617135048
163.42223727703094
216.92236667871475
281.01281678676605
258.47561770677567
214.84666180610657
184.42877995967865
281.7405034303665
210.30322986841202
137.09317553043365
382.21746587753296
421.3869442343712
348.14518624544144
256.02104473114014
208.34458488225937
247.43353658914566
78.53778916597366
182.3164484500885
64.0220438838005
285.7840198278427
288.8338958621025
245.00092208385468
122.44500064849854
237.15741783380508
231.12734335660934
173.06397151947021
173.88361871242523
103.16695326566696
337.09994435310364
176.0324130654335
70.4171227812767
690.0693702101707
205.93151950836182
168.4983707666397
182.41442561149597
92.11496543884277
367.502298951149
82.37291467189789
189.5495370030403
261.56728237867355
80.31656050682068
109.86634516716003
75.55233120918274
70.61961197853088
297.0272222161293
405.178759932518
179.9395316839218
216.23770254850388
401.8539569377899
172.67291110754013
146.72996366024017
88.43914633989334
401.67733532190323
179.56881028413773
103.08726453781128
204.89802759885788
176.10843497514725
273.2580903172493
325.3602383136749
345.8650493621826
353.0791573524475
159.77870392799377
171.24380612373352
94.56075465679169
585.5370185375214
188.27512991428375
442.71278393268585
238.55219584703445
273.8099194765091
427.39912259578705
258.4519741535187
198.07042849063873
124.80824482440948
164.89591985940933
220.68775260448456
112.6473531126976
498.9137762784958
185.50498008728027
165.7999203801155
293.32022047042847
174.16129106283188
300.04216903448105
166.22977942228317
219.96589118242264
335.44890254735947
85.81271857023239
178.42418777942657
329.2062973976135
109.40224748849869
179.6087611913681
277.7528757452965
101.15699857473373
163.97785139083862
174.43541890382767
355.92111068964005
170.50571185350418
157.12864291667938
174.6397461295128
182.82562226057053
255.56136268377304
60.31642186641693
178.9415916800499
407.35659670829773
185.16867530345917
183.81244885921478
389.3714541196823
88.93853724002838
179.52428394556046
414.80242282152176
85.23302221298218
193.49458330869675
381.4228889942169
80.61080902814865
176.8766087293625
415.3129482269287
84.46873271465302
194.89663219451904
381.8057739138603
75.56982278823853
204.1942834854126
398.5958760380745
66.5507425069809
190.21093380451202
371.68306815624237
74.78903752565384
464.0359356403351
209.2801477909088
82.68462973833084
313.3252248764038
173.0805562734604
264.08130675554276
186.61518824100494
160.60714614391327
414.8204098343849
212.89222645759583
289.56029814481735
272.02656704187393
113.4893668293953
115.01994115114212
317.9556376338005
143.40219616889954
192.74990940093994
157.5508327484131
181.18392437696457
689.5220950841904
108.7283718585968
206.53543615341187
669.5800947546959
246.50185096263885
580.7986244559288
164.2356538772583
377.83966851234436
175.6534634232521
85.85622209310532
224.6149427294731
209.62289303541183
281.4002557396889
199.65362989902496
275.41831135749817
322.68710547685623
136.7400376200676
175.84156370162964
304.909010887146
636.5067110657692
188.76613295078278
265.3199691772461
64.26392656564713
435.58793300390244
90.5196014046669
227.294143140316
184.63428044319153
947.9616994857788
73.92281359434128
397.4237475991249
307.2759602069855
245.6629199385643
702.8391847014427
116.22030836343765
256.80943167209625
578.6931871771812
144.00623351335526
189.5952934026718
369.7501232624054
131.67636865377426
224.41072034835815
284.1429222226143
272.71461379528046
192.4292050600052
275.1345471739769
231.5085341334343
184.2971003651619
275.312927544117
525.8271880745888
186.2748063802719
651.3176138997078
214.6480240225792
205.908835709095
407.84203040599823
82.47991824150085
189.6311451792717
256.85166013240814
275.0276157259941
180.10961306095123
284.3818119764328
348.885262966156
222.38795042037964
248.75647127628326
65.20889884233475
186.30100464820862
262.0616630911827
285.87463015317917
173.61610478162766
367.49425798654556
71.60908854007721
198.46957111358643
306.6662142276764
366.4575038552284
202.26861995458603
159.29302030801773
116.17967194318771
197.78048479557037
265.7145051956177
89.14084881544113
124.09388494491577
103.87074047327042
74.2107561826706
185.10530936717987
398.8474997282028
73.93332761526108
196.74469709396362
426.7523663043976
85.14656484127045
177.2281141281128
73.3850547671318
265.86006313562393
189.4797573685646
78.28106266260147
218.89922106266022
167.38978284597397
78.57342666387558
263.4347509741783
184.20887702703476
715.4513091444969
227.05588775873184
227.70875704288483
317.80631482601166
76.97014075517654
177.83882474899292
276.2312413454056
141.18845707178116
196.54745435714722
89.99987471103668
66.83295094966888
160.3269072175026
182.86245954036713
129.378060400486
179.9984278678894
163.74249225854874
81.86595165729523
165.78094375133514
64.83435416221619
238.5405233502388
162.95297992229462
288.55928683280945
196.00359046459198
171.73055803775787
589.5990179181099
102.0727910399437
194.84024566411972
237.16181409358978
316.5372558236122
160.89494287967682
282.2959731221199
799.4105731844902
178.51199489831924
73.58389616012573
220.15197080373764
205.34980821609497
242.25236803293228
408.4499017596245
141.15899258852005
100.76905560493469
226.00974828004837
197.98300045728683
130.43688589334488
115.73796945810318
168.67380315065384
168.15751069784164
158.5706913471222
185.54884219169617
182.70303297042847
235.69155514240265
177.6106761097908
776.1711953282356
60.527695655822754
193.02950751781464
266.16432827711105
282.3644732236862
204.4520447254181
171.85791736841202
92.52384716272354
282.21811509132385
190.7447014451027
235.23245841264725
210.54062747955322
234.21370768547058
304.8172075152397
162.76898211240768
528.0267015695572
166.71904629468918
181.24181520938873
274.8181900382042
425.1712482571602
175.6806362271309
288.2249153852463
409.78096079826355
199.7592722773552
134.1938425898552
109.67134654521942
211.99636936187744
170.46593344211578
167.70526486635208
213.62486308813095
347.9645516872406
158.49174696207047
169.87257862091064
304.80648773908615
284.1686835885048
167.0573456287384
514.0694888830185
150.89298927783966
441.8544816970825
190.3712938427925
236.43860572576523
172.26963394880295
265.4789574146271
67.56444728374481
187.8391678929329
98.7918466925621
244.651653110981
399.4759302139282
333.7364853620529
117.37963736057281
183.14004790782928
148.14652919769287
293.36808067560196
185.78189146518707
617.2906809449196
453.5280213356018
150.20458579063416
70.66999465227127
277.10016518831253
158.65424805879593
189.20926690101624
158.04641473293304
199.59283643960953
613.0587583184242
318.7135113477707
166.1919196844101
285.6339188814163
428.8774036169052
203.4993997812271
99.64866709709167
219.8256534934044
183.49686259031296
287.6268747448921
482.4299288392067
162.0763531923294
81.48459428548813
255.85932672023773
191.76677286624908
303.2286499142647
295.89555233716965
605.6472309231758
152.17868673801422
429.2507913708687
158.4710235595703
87.728335916996
280.7681992650032
195.34030210971832
178.13895803689957
149.55709648132324
409.9287630915642
70.8146305680275
222.9791757464409
188.6728635430336
136.40641951560974
96.46686524152756
160.96076917648315
80.97211009263992
265.71939593553543
204.04433834552765
199.94953590631485
254.54668414592743
558.3785242438316
88.91697061061859
129.52332776784897
430.79481542110443
62.536302864551544
252.5563092827797
155.61869752407074
65.85308581590652
269.7169345021248
195.70926213264465
235.41770297288895
90.45189505815506
206.84842485189438
418.49258571863174
159.72904682159424
208.016747713089
271.8668112754822
343.10402846336365
185.45406752824783
293.65369606018066
555.952353477478
184.8168516755104
89.13643825054169
380.32655000686646
204.48566669225693
786.3357565999031
251.32694506645203
191.19130682945251
848.5304408073425
417.02680110931396
161.37233370542526
82.55712181329727
397.7427040338516
164.24297577142715
80.34866619110107
241.58248323202133
416.4298847913742
93.53092151880264
140.77474069595337
228.3537923693657
184.8797338604927
596.2868285179138
187.16833090782166
92.65655881166458
372.3856246471405
207.1548988223076
135.0724510550499
293.2729610800743
204.28233063220978
184.41430336236954
130.50881350040436
210.22231847047806
154.67577689886093
176.24897676706314
150.40074479579926
679.0174959897995
477.3906149864197
125.25427198410034
74.11384606361389
291.5015286207199
190.02031230926514
659.9723061323166
61.67744255065918
153.96491026878357
748.1221611499786
624.8385607004166
443.3297017812729
576.2529932260513
198.9403904080391
523.579034268856
74.01796191930771
81.14026457071304
182.46511441469193
312.0517683029175
527.4751107096672
204.14617669582367
384.1375707387924
127.91282933950424
138.8276897072792
105.3638511300087
386.16304713487625
189.7488751411438
250.14391040802002
316.1864972114563
160.32247906923294
64.44398683309555
230.88726258277893
173.47361958026886
570.2369527220726
91.16802078485489
179.61782842874527
326.2341542840004
503.18960505723953
170.60358768701553
665.597390472889
59.91441333293915
189.69553810358047
77.87446403503418
244.10380053520203
153.06903958320618
323.2493585348129
233.37815749645233
105.80205768346786
93.1767161488533
76.11755174398422
164.61059945821762
272.0161256790161
76.6137844324112
160.94750905036926
68.59578090906143
125.93121075630188
394.54909360408783
520.4911541342735
111.31636869907379
191.3594234585762
364.0775649547577
74.54460918903351
171.8064080476761
230.7295088171959
69.67073094844818
169.1333727836609
413.09520345926285
141.82762676477432
171.16496580839157
503.33123660087585
135.16870653629303
158.80439537763596
67.94508796930313
135.5564810037613
410.7724533677101
84.41353404521942
204.25208348035812
417.9764823913574
207.8937165737152
206.2101656794548
170.31912970542908
75.99698042869568
463.95154905319214
244.24442267417908
327.6660521030426
79.65244507789612
233.33375352621078
318.0739936232567
104.56246668100357
175.59865421056747
292.9977396726608
131.45976674556732
171.53060859441757
79.86041814088821
216.13437992334366
215.35581028461456
105.71226513385773
136.41345930099487
150.8471240401268
278.5097151994705
309.03642362356186
189.18647330999374
371.9908901453018
73.78505891561508
183.3418272137642
367.8223111629486
54.36253595352173
178.08191114664078
364.0146834254265
142.60370475053787
266.55733931064606
185.2157878279686
140.17565470933914
188.20378482341766
257.948414683342
76.21000111103058
166.8043895959854
407.43553537130356
136.72404235601425
72.66569203138351
120.61666989326477
292.02683305740356
148.2210522890091
489.06268924474716
217.3675216436386
204.29186218976974
151.65444815158844
57.73966026306152
173.39960783720016
190.45024448633194
136.04160279035568
194.97235107421875
158.60422438383102
133.02187329530716
165.49510943889618
275.6640793085098
207.77636486291885
175.90997701883316
86.32316565513611
418.3095049262047
164.83309161663055
69.49218863248825
220.87822049856186
174.90279930830002
158.59510743618011
149.56397712230682
191.52930569648743
167.18225795030594
454.70370519161224
182.05393600463867
207.27326953411102
274.2961745262146
173.20452719926834
73.0180681347847
221.10565662384033
168.76242458820343
261.0243303179741
305.8500490784645
172.3226665854454
256.2647337913513
56.27876543998718
176.30872654914856
125.70604485273361
153.28409296274185
390.6196519136429
64.4118520617485
59.52409452199936
193.2106084227562
174.90344202518463
180.75295424461365
211.27794855833054
121.9924932718277
139.20737528800964
187.63725221157074
671.5944092273712
211.27574372291565
167.55370712280273
325.37294417619705
510.675931930542
171.4157646894455
149.44330024719238
148.8699607849121
205.52004551887512
162.9197457432747
68.03540050983429
188.05779898166656
162.4356592297554
154.15757513046265
150.6113419532776
268.75679206848145
148.31884264945984
180.75477492809296
482.03261375427246
62.81665277481079
156.48400157690048
178.98578369617462
119.52923673391342
198.98208272457123
149.65751785039902
255.85338020324707
203.9187359213829
617.004208445549
59.58490264415741
247.6055353283882
236.99294555187225
264.9440181851387
195.82458490133286
158.00431525707245
109.53992170095444
195.95059502124786
160.20466631650925
197.1106988787651
203.7709757089615
131.29996132850647
335.8553866147995
166.0652313232422
76.62005406618118
1285.4572939276695
179.07782965898514
332.1682679653168
457.6801989078522
172.6235283613205
642.7950728535652
133.70674222707748
179.99271178245544
88.6013291478157
591.0674875974655
201.00333482027054
196.71978133916855
123.48683100938797
202.85178983211517
174.268150806427
407.6579815149307
178.14808857440948
265.0992206931114
111.89234799146652
120.17831426858902
112.1485065817833
299.0874171257019
181.84988778829575
628.4930198788643
374.75652462244034
217.91612738370895
283.40542167425156
312.7125810980797
157.86693823337555
327.2685298919678
388.82295966148376
176.9617795944214
272.94018828868866
424.7605047225952
189.76797688007355
95.31801962852478
570.2809718847275
156.2752793431282
302.8175083398819
223.29510003328323
234.6273884177208
110.75081139802933
204.23878526687622
148.24802893400192
181.25174742937088
142.21916323900223
167.77004992961884
204.68271309137344
250.31461280584335
215.20777118206024
260.9103658795357
522.174449801445
186.03716450929642
205.7124566435814
111.47764021158218
191.2451310157776
646.3286973237991
183.55940610170364
144.36276841163635
77.29208487272263
398.2046669125557
168.77195578813553
76.00265508890152
250.7851122021675
183.9809091091156
72.9367163181305
259.56754130125046
196.00059640407562
290.255686879158
114.1968166232109
179.72839868068695
78.28406876325607
226.90942865610123
159.93301314115524
312.2063167691231
177.4841586947441
184.03651136159897
275.55835580825806
237.41602259874344
172.5691310763359
630.0033124089241
337.78949987888336
252.4198591709137
64.21366959810257
328.0968801379204
220.42233049869537
240.01942670345306
390.7787073254585
191.3920974135399
150.98370319604874
65.72999888658524
212.06688463687897
418.33850115537643
516.0231640934944
178.16770660877228
191.62938785552979
192.8757160305977
214.97164696455002
292.23020935058594
107.15331774950027
178.25606030225754
654.084923684597
256.82328873872757
410.93749076128006
79.49934715032578
577.8642691969872
183.93618768453598
418.83298683166504
150.7976023554802
157.57033443450928
429.773408472538
275.11068081855774
124.37335348129272
100.91589230298996
84.38444530963898
146.5779041647911
462.1801130771637
149.71036559343338
185.37125730514526
399.21710550785065
87.2476681470871
203.12550348043442
251.40941095352173
247.81727236509323
196.24448376893997
375.9881061911583
82.89357924461365
189.73229682445526
294.18606984615326
264.9931142926216
189.4771667122841
391.10124707221985
76.22238421440125
191.21781933307648
222.72130578756332
63.680679738521576
182.6477257013321
162.28208184242249
133.42510157823563
189.64423787593842
393.57382529973984
90.5064247250557
176.9328674674034
176.21627765893936
264.7408404946327
219.70884066820145
178.98904651403427
247.94016307592392
543.9313916563988
87.37311697006226
165.7548162341118
188.0418844819069
385.9175487756729
71.93248873949051
165.5865921974182
73.08923757076263
264.64627599716187
511.68061727285385
77.40405982732773
84.19372224807739
180.28331303596497
493.73809856176376
65.54023921489716
164.7726616859436
301.93844014406204
228.63283598423004
132.39909827709198
324.59241992235184
61.60328149795532
202.65179651975632
98.29190230369568
115.65804237127304
170.10051745176315
277.5378903746605
186.82360684871674
809.958413541317
118.3952602148056
205.3626618385315
146.2717057466507
83.3993353843689
281.2640870809555
172.43563729524612
176.0512911081314
139.50436919927597
240.77953267097473
592.9342594146729
60.26799553632736
193.62835484743118
171.7180876135826
127.0798014998436
171.4180634021759
291.6315989494324
144.12330955266953
191.71963542699814
389.55563431978226
81.3037104010582
188.12469923496246
170.9680773615837
137.86326187849045
181.1908579468727
85.34776192903519
179.33322501182556
156.5013844370842
293.64870911836624
208.54288810491562
167.47435158491135
76.74143934249878
231.124864757061
167.38948369026184
70.72157424688339
222.64847761392593
157.88436514139175
182.04176312685013
139.78784012794495
183.82964730262756
144.5579770207405
160.90557879209518
164.79537093639374
192.79923874139786
174.76310914754868
178.46941488981247
481.806196808815
358.30356419086456
184.79596441984177
302.3888776898384
275.5533901453018
207.8282065987587
353.6995841264725
79.5768272280693
182.2452169060707
348.6981506347656
103.2171602845192
208.81766372919083
619.54246789217
57.153439819812775
146.4229508638382
318.2364090681076
191.7083620429039
172.3548058271408
493.9969562292099
59.11199390888214
164.75769585371017
175.32132732868195
522.5754072666168
1127.2932041883469
382.53400963544846
40.86892890930176
179.13057428598404
261.41026270389557
648.2898740172386
180.50638818740845
260.3519883751869
162.9803176522255
162.81933498382568
73.09025967121124
250.76521331071854
386.7453098297119
81.74951702356339
494.8245087862015
421.67679595947266
194.09595054388046
109.40186142921448
176.72404825687408
270.46527260541916
423.17247956991196
174.29214042425156
750.0557292699814
68.12774741649628
142.2262864112854
80.51981055736542
443.2592524290085
264.96900832653046
278.52629643678665
64.55189794301987
286.3230345249176
488.9964654445648
423.39801251888275
183.90918040275574
275.1722578406334
492.74675381183624
133.08338034152985
306.34036403894424
369.57244235277176
194.05582946538925
302.96467822790146
250.9946398139
188.6277939081192
383.39007353782654
86.94120109081268
219.33415019512177
238.14185762405396
390.88588386774063
241.18695837259293
232.26853394508362
235.010174036026
195.71100729703903
244.24809956550598
87.16072756052017
182.93270254135132
320.0234487056732
335.14405769109726
410.7076606750488
191.44420832395554
167.69371908903122
184.87506955862045
236.27811974287033
62.37786054611206
668.8993490338326
141.5270156264305
223.59948390722275
177.3683062195778
84.2263114452362
374.4213898181915
189.09160763025284
86.6602543592453
285.030692756176
209.28662931919098
150.99748837947845
272.64001977443695
404.1545919775963
197.13239538669586
133.53103458881378
194.61166763305664
414.8769311308861
61.39635497331619
317.5972796678543
147.52283853292465
168.73912751674652
177.52470046281815
130.98704367876053
185.89193880558014
166.5155584216118
193.6764435172081
300.8698842525482
194.3119426369667
247.8101316690445
574.3404076099396
144.18286657333374
323.7493728995323
617.67979824543
794.2933702468872
70.6283591389656
104.07395929098129
141.58361369371414
312.9324917793274
267.54947316646576
180.6925675868988
181.97423630952835
207.3349905014038
177.06961870193481
288.35241067409515
74.33086949586868
113.22827649116516
259.056643307209
102.6379651427269
185.99542504549026
259.6639459133148
192.49759602546692
185.54527640342712
130.68614530563354
692.816036939621
150.88046592473984
287.8268014192581
229.03764414787292
178.97388595342636
309.7046614289284
429.5030051469803
418.47534745931625
553.778950214386
76.80674803256989
645.9333116412163
413.851220369339
66.30089110136032
232.88918441534042
247.6638230085373
384.27417320013046
127.69958573579788
67.14504146575928
74.92858338356018
179.29624742269516
261.8938637971878
406.75445103645325
114.02542865276337
114.71899789571762
61.81559544801712
179.97541689872742
247.8904310464859
180.19300001859665
192.19978535175323
236.24043238162994
828.3780345916748
192.02705311775208
216.08683198690414
182.02817338705063
192.59546476602554
282.52901989221573
220.83022779226303
191.48575395345688
409.1177223920822
87.24854701757431
166.39357089996338
418.3994089961052
120.84046936035156
218.20128923654556
195.90697395801544
94.8409178853035
179.26900440454483
251.52729105949402
276.4178782105446
155.11591678857803
182.73832440376282
151.1881474852562
185.82411456108093
389.08811885118484
67.99379217624664
186.53339630365372
139.5735491514206
153.55492693185806
189.777108669281
235.9974349141121
70.57800567150116
173.4826050400734
190.03817987442017
215.23021978139877
179.38013690710068
605.9476917982101
133.96486711502075
355.2046695947647
72.24381619691849
453.85392582416534
180.72196316719055
85.3478411436081
330.7118570804596
165.4649503827095
73.77407211065292
244.93583941459656
165.56177067756653
68.73414099216461
207.80350196361542
191.88199865818024
274.20103657245636
59.80830246210098
282.24248415231705
147.3329423069954
439.5487651228905
191.77848500013351
237.4646471142769
552.08120906353
172.68158280849457
86.48281669616699
210.43631601333618
184.9786679148674
132.81006175279617
423.0130617618561
